      0/29     2.99G   0.04582   0.01392   0.02744   0.08719        25       640   0.09721    0.5166    0.1301   0.08976    0.0158  0.005602   0.01097
      1/29     9.72G   0.04408   0.01113   0.02647   0.08168        29       640   0.02135    0.0292  0.005349  0.002337   0.03687   0.00737   0.01161
      2/29     9.74G   0.04894    0.0118   0.02792   0.08866        20       640  0.003233   0.04117 0.0005105 0.0001437   0.03806    0.2562   0.01921
      3/29       11G   0.04351   0.01169    0.0239    0.0791        20       640   0.01382    0.4194   0.01091  0.003017   0.02977   0.01192    0.0118
      4/29       11G   0.03922   0.01105   0.02226   0.07253        29       640     0.194    0.2516   0.09183   0.05169    0.0164  0.004256   0.01052
      5/29       11G   0.03381   0.01042   0.02135   0.06558        32       640    0.2553    0.2135    0.1113    0.1017   0.01917  0.002281   0.01039
      6/29       11G   0.03441   0.01008   0.02099   0.06549        44       640         0         0         0         0   0.03882    0.7149   0.01529
      7/29       11G   0.02283  0.009841   0.01727   0.04994        49       640   0.01676    0.2655   0.01159  0.007792   0.03154  0.005837   0.01222
      8/29       11G   0.02759    0.0098   0.01659   0.05398        35       640    0.2723    0.5068    0.1833    0.1568  0.005021   0.00241   0.01047
      9/29       11G   0.02479  0.008788   0.01665   0.05023        30       640    0.1272    0.8437    0.1943    0.1679  0.004562  0.002502   0.01051
     10/29       11G   0.02437  0.008563   0.01659   0.04952        23       640    0.2818    0.6649    0.1983    0.1732  0.004389  0.002624   0.01054
     11/29       11G   0.02843    0.0085   0.01887   0.05581        23       640    0.2908    0.7179    0.2197    0.2107  0.003399  0.002243   0.01051
     12/29       11G   0.02918  0.008323   0.01884   0.05634        29       640    0.2781    0.7582    0.2212    0.2007  0.003453  0.002515   0.01037
     13/29       11G   0.02954  0.008022   0.01983    0.0574        31       640    0.2892    0.5872    0.2003    0.1721  0.003383  0.002158   0.01033
     14/29       11G   0.03136  0.007829    0.0212   0.06039        35       640    0.1428    0.8763    0.2287    0.2135  0.002712  0.002611   0.01032
     15/29       11G   0.03229  0.007771   0.02036   0.06042        25       640    0.1445    0.6634    0.2119    0.1936  0.002482  0.002524   0.01014
     16/29       11G   0.02629   0.00752   0.01945   0.05325        38       640    0.1548    0.8164    0.2702    0.2541  0.002893  0.002135   0.01008
     17/29       11G   0.03239  0.007372   0.02109   0.06085        32       640    0.1378    0.9214    0.2968    0.2176  0.004217  0.002318  0.009771
     18/29       11G   0.02919  0.007158   0.01908   0.05543        28       640    0.1529    0.8633     0.291    0.2543  0.003198    0.0022  0.009715
     19/29       11G   0.03257  0.007274   0.02084   0.06068        28       640    0.1808    0.8765    0.3241    0.2984  0.002936  0.001826  0.009554
     20/29       11G   0.03026  0.007052   0.02039   0.05771        33       640     0.163    0.9526    0.3257     0.287  0.003215  0.002141  0.009605
     21/29       11G   0.03152  0.006924   0.02078   0.05922        33       640    0.1582     0.914    0.3055    0.2764  0.002627  0.001935  0.009617
     22/29       11G   0.03278  0.007033   0.02086   0.06068        23       640    0.1695    0.8865    0.3487    0.3006  0.003389  0.002266  0.009431
     23/29       11G   0.02958  0.006782   0.02016   0.05652        35       640    0.3222    0.6034    0.3038    0.2228  0.006076  0.002213  0.009899
     24/29       11G    0.0265  0.006914   0.01888   0.05229        33       640    0.6112    0.4635    0.3197    0.2857  0.003122  0.002291  0.009301
     25/29       11G   0.02996  0.006709   0.02015   0.05682        24       640    0.1784    0.8938    0.3531    0.3087  0.003093  0.002213  0.009086
     26/29       11G   0.02865  0.006476   0.01962   0.05474        30       640    0.1823    0.8969    0.3793    0.3154  0.003285  0.002194  0.008882
     27/29       11G    0.0328  0.006579   0.02094   0.06032        19       640    0.3259    0.6212    0.3543    0.3063  0.003031  0.002102  0.009197
     28/29       11G   0.03374  0.006788   0.02141   0.06194        30       640    0.1714    0.8895    0.3884    0.3458  0.002901  0.002081  0.008963
     29/29       11G   0.03136  0.006353    0.0215   0.05922        25       640    0.6326    0.4686     0.382    0.3336  0.003089   0.00199  0.008805
