      0/49    0.786G   0.04378  0.006198   0.02522    0.0752        50        96    0.1809    0.6872     0.233    0.1059   0.08218  0.002452   0.03362
      1/49     1.06G   0.02283  0.005148   0.02036   0.04834        38        96     0.209    0.3043   0.05768  0.008392   0.09204  0.003607   0.03682
      2/49     1.06G   0.01584  0.004993   0.01984   0.04068        40        96    0.1462    0.8165    0.2302    0.2129   0.05932  0.001842   0.03486
      3/49     1.06G   0.01404  0.004907   0.01908   0.03803        38        96    0.1417    0.8755    0.2324    0.2129   0.06255  0.001573   0.04037
      4/49     1.06G   0.01207  0.004864   0.01788   0.03482        40        96    0.2553    0.7551    0.2242    0.1669   0.06341  0.001894   0.03557
      5/49     1.06G   0.01103  0.005199   0.01693   0.03316        39        96    0.1418    0.8878    0.3582     0.304   0.05998  0.001614   0.03617
      6/49     1.06G   0.01126  0.005561   0.01668    0.0335        60        96    0.7116    0.2069    0.2135    0.1891   0.06864  0.001976    0.0538
      7/49     1.06G   0.01048  0.005375   0.01615   0.03201        40        96    0.5844    0.4276    0.3252    0.2374   0.06717  0.001997   0.06307
      8/49     1.06G  0.009374  0.005266   0.01537   0.03001        42        96    0.3478    0.7684      0.47    0.4067   0.06371  0.001532   0.04023
      9/49     1.06G  0.008965  0.005069   0.01475   0.02878        48        96    0.4288    0.7441    0.5064    0.4764   0.06075  0.001645   0.03794
     10/49     1.06G  0.009081  0.004938   0.01433   0.02835        48        96    0.4646    0.7879    0.5207    0.4771   0.05794  0.001414    0.0351
     11/49     1.06G  0.008403  0.004824   0.01388    0.0271        53        96    0.4486    0.7388    0.5152     0.482    0.0592  0.001375    0.0353
     12/49     1.06G  0.008442  0.004682   0.01344   0.02656        43        96    0.5039    0.6741    0.5435    0.4722   0.06009  0.001526   0.03389
     13/49     1.06G   0.00802  0.004666   0.01295   0.02564        42        96    0.6191    0.6493    0.5969    0.5573   0.06017  0.001469   0.03427
     14/49     1.06G  0.008241  0.004666   0.01272   0.02563        41        96    0.5418    0.7422    0.6157    0.5816   0.05791  0.001864   0.03328
     15/49     1.06G  0.008569  0.004622   0.01251    0.0257        59        96     0.493    0.7848    0.6645     0.601   0.05625  0.001682   0.03102
     16/49     1.06G  0.007963  0.004631   0.01265   0.02524        43        96    0.5651    0.6915    0.6495    0.5794   0.06337  0.001935   0.03199
     17/49     1.06G  0.007814  0.004488   0.01166   0.02396        39        96     0.511    0.8369    0.7573    0.7074   0.05797  0.001707    0.0334
     18/49     1.06G  0.007916  0.004425   0.01164   0.02398        38        96    0.5561    0.7925    0.7221    0.6715   0.05923  0.002128   0.03208
     19/49     1.06G  0.008306  0.004633   0.01228   0.02522        45        96    0.3983    0.7846    0.6778    0.6108   0.05658  0.001844   0.03199
     20/49     1.06G  0.008166  0.004689   0.01237   0.02522        71        96    0.6067    0.8658    0.7847    0.7326   0.05733  0.001736   0.02623
     21/49     1.06G  0.007642  0.004416   0.01145   0.02351        38        96    0.5935    0.8778    0.7861    0.7297   0.05847  0.001823   0.04024
     22/49     1.06G  0.007534  0.004478   0.01145   0.02346        49        96    0.5879    0.7622    0.7924    0.6914    0.0601   0.00184   0.02537
     23/49     1.06G  0.007139   0.00426   0.01103   0.02243        48        96    0.6139    0.9046    0.7958    0.7471   0.05549    0.0018   0.02532
     24/49     1.06G  0.007984  0.004652   0.01228   0.02492        41        96    0.7275    0.6661    0.7735    0.7134   0.05895   0.00188    0.0287
     25/49     1.06G  0.008252  0.004695   0.01242   0.02537        30        96    0.6496    0.7929    0.7863     0.745   0.05406  0.001916    0.0274
     26/49     1.06G  0.008539  0.004741   0.01255   0.02583        50        96    0.5738    0.8016     0.807    0.7759   0.05424  0.001729   0.03411
     27/49     1.06G  0.007663  0.004498   0.01177   0.02393        39        96    0.5686    0.9071    0.8127    0.7805   0.05295  0.001727    0.0273
     28/49     1.06G  0.007211  0.004372   0.01133   0.02291        36        96    0.6164    0.8772    0.8324    0.7972   0.05332  0.002129   0.03108
     29/49     1.06G  0.007164  0.004294   0.01088   0.02234        38        96    0.6661    0.8652    0.8305    0.8025   0.05296  0.002171   0.03847
     30/49     1.06G  0.006639  0.004327   0.01098   0.02195        39        96    0.6467    0.8759    0.8545     0.821   0.05337  0.001843   0.03067
     31/49     1.06G   0.00685  0.004239   0.01061    0.0217        40        96    0.6958    0.9497    0.8824    0.8487   0.05326  0.001814   0.02833
     32/49     1.06G  0.006615  0.004222   0.01052   0.02136        26        96    0.7225    0.9449    0.8877    0.8555   0.05322  0.001986   0.02588
     33/49     1.06G  0.006056  0.004135   0.01006   0.02026        41        96    0.7146    0.9699    0.9143    0.8811   0.05284  0.001808   0.02578
     34/49     1.06G  0.006152    0.0041   0.01006   0.02032        39        96    0.6995    0.9155     0.851    0.8112   0.05352  0.002093    0.0262
     35/49     1.06G  0.005836  0.004008  0.009844   0.01969        54        96    0.6654    0.9348    0.8584     0.812   0.05409  0.002052   0.02633
     36/49     1.06G  0.005438  0.003973  0.009599   0.01901        48        96    0.7283    0.9563    0.9011    0.8457   0.05418  0.002228   0.02458
     37/49     1.06G  0.006253   0.00399  0.009757      0.02        44        96    0.7075     0.952    0.8936    0.8514   0.05334  0.002324   0.02707
     38/49     1.06G  0.006296   0.00392  0.009646   0.01986        47        96    0.7482    0.9403     0.895      0.85   0.05329  0.002131   0.02725
     39/49     1.06G  0.005302  0.003914  0.009445   0.01866        39        96    0.7236    0.9195    0.8683    0.8251   0.05415  0.001994   0.02518
     40/49     1.06G  0.005909   0.00384  0.009395   0.01914        46        96    0.7842    0.9356     0.921    0.8701    0.0536   0.00228   0.02454
     41/49     1.06G   0.00553  0.003903   0.00931   0.01874        58        96    0.7645    0.9562    0.9364    0.8812   0.05385  0.002084   0.02368
     42/49     1.06G  0.005698  0.003761  0.009202   0.01866        40        96    0.7439    0.9004    0.8892    0.8392   0.05396   0.00228    0.0254
     43/49     1.06G  0.005617  0.003799  0.009181    0.0186        48        96    0.7799    0.9438    0.9174     0.863   0.05455  0.002256   0.02454
     44/49     1.06G  0.006254  0.003826   0.00963   0.01971        36        96    0.8465    0.8778    0.9192    0.8789   0.05353  0.002344   0.02878
     45/49     1.06G  0.005369  0.003719  0.009027   0.01811        38        96    0.8356    0.9287    0.9462    0.8957   0.05396  0.002292   0.02305
     46/49     1.06G  0.005541  0.003717  0.008902   0.01816        44        96    0.7928     0.905     0.931    0.8835   0.05391  0.002366   0.02375
     47/49     1.06G  0.005907  0.003767  0.009023    0.0187        40        96    0.8462    0.8898    0.9351    0.8792   0.05457  0.002469   0.02406
     48/49     1.06G  0.005936  0.003707  0.009017   0.01866        44        96    0.8163    0.9019    0.9543    0.9011   0.05537  0.002329   0.02289
     49/49     1.06G  0.005392  0.003714  0.008835   0.01794        45        96    0.8788    0.9073    0.9621    0.9125   0.05435  0.002405   0.02233
