      0/49     2.16G   0.04457   0.01394   0.02655   0.08506        25       640   0.09018     0.764    0.1636   0.09871   0.01183  0.005487   0.01101
      1/49     10.1G   0.04372   0.01089   0.02612   0.08073        29       640     0.349   0.06434   0.03661   0.01016   0.02594  0.004843   0.01069
      2/49     10.1G   0.04656   0.01127   0.02605   0.08387        20       640   0.06044     0.588   0.05759   0.02125    0.0203  0.002926   0.01036
      3/49     10.1G   0.04116   0.00999   0.02218   0.07333        20       640    0.0383    0.0421  0.004288  0.002021   0.02739     29.38   0.01694
      4/49     10.1G   0.03921  0.009963    0.0212   0.07037        29       640    0.2416    0.5116    0.1409    0.1226   0.01109  0.003174   0.01046
      5/49     10.1G   0.03147  0.009305   0.01908   0.05985        32       640    0.3369    0.3288    0.1137   0.06766   0.02037  0.004193   0.01041
      6/49     10.1G   0.03243  0.009524   0.02018   0.06213        44       640   0.09263    0.4005    0.1019   0.05772   0.01923  0.002405    0.0104
      7/49     10.1G   0.02437  0.008934   0.01952   0.05283        49       640    0.3877    0.3355    0.1223   0.06245   0.02683   0.03337   0.01074
      8/49     10.1G   0.02759  0.008845   0.02036   0.05679        35       640   0.06764    0.3753    0.0891   0.03806   0.01377  0.003472   0.01047
      9/49     10.1G   0.02776  0.008262   0.02044   0.05646        30       640     0.289    0.5675    0.1742    0.1567  0.006476  0.002457   0.01049
     10/49     10.1G   0.02524   0.00807   0.02032   0.05362        23       640    0.2529    0.5543    0.1683    0.1252  0.007623  0.003597   0.01063
     11/49     10.1G     0.033  0.008248    0.0226   0.06385        23       640    0.1438    0.9041    0.1947    0.1804   0.00319  0.002284   0.01051
     12/49     10.1G   0.03188  0.007792   0.02232   0.06199        29       640    0.2471    0.4397     0.148    0.1354  0.005476  0.002933   0.01051
     13/49     11.3G   0.03222  0.007506   0.02423   0.06396        31       640    0.6483   0.06908   0.05974   0.05258   0.02209  0.004833   0.01048
     14/49     11.3G   0.03436  0.007432   0.02507   0.06687        35       640     0.119    0.7736    0.1993    0.1734  0.009091  0.003137   0.01041
     15/49     11.3G   0.03345  0.007256   0.02422   0.06492        25       640    0.1479    0.7651    0.1875     0.176  0.003418  0.002524    0.0104
     16/49     11.3G   0.03265  0.006871    0.0254   0.06492        38       640    0.1103    0.6602    0.1658    0.1463   0.01744  0.003153   0.01039
     17/49     11.3G    0.0346  0.007144   0.02436   0.06611        32       640    0.2156    0.2589   0.08844    0.0429   0.02117  0.002574   0.01079
     18/49     11.3G   0.03338  0.007211   0.02334   0.06393        28       640     0.272    0.6438    0.2324    0.2154  0.004843  0.002349   0.01011
     19/49     11.3G   0.03641  0.007045   0.02532   0.06877        28       640    0.1627    0.5769    0.1941    0.1633   0.01978  0.002163   0.01045
     20/49     11.3G   0.03249  0.006881   0.02403    0.0634        33       640    0.1586     0.898    0.3434    0.3241  0.002823  0.001899  0.009861
     21/49     11.3G    0.0331  0.006578   0.02449   0.06417        33       640    0.2018    0.8806    0.3151    0.2956  0.002932  0.001604  0.009794
     22/49     11.3G   0.03353  0.006867    0.0245    0.0649        23       640     0.228    0.8878     0.351    0.3404  0.002547  0.001912  0.009156
     23/49     11.3G   0.03432  0.006407   0.02397    0.0647        35       640    0.6101    0.4844    0.2807    0.2629  0.004059  0.002146  0.009956
     24/49     11.3G   0.03277  0.006492   0.02344   0.06269        33       640    0.6111    0.4898    0.3497    0.3379  0.003851  0.001906  0.008998
     25/49     11.3G   0.03276  0.006424   0.02332   0.06251        24       640    0.3816    0.6268      0.42    0.3933  0.002446  0.002093  0.008417
     26/49     11.3G   0.03208  0.006344    0.0238   0.06222        30       640    0.3044     0.573    0.3912    0.3741  0.002706   0.00211  0.008896
     27/49     11.3G   0.03489  0.006254   0.02388   0.06503        19       640    0.3491    0.5946    0.3443    0.3235  0.003277  0.001969  0.008802
     28/49     11.3G   0.03481  0.006448   0.02421   0.06547        30       640    0.1957    0.8737    0.4023    0.3659  0.003302  0.001705  0.008551
     29/49     11.3G   0.03409  0.006103   0.02469   0.06489        25       640    0.6798    0.4903    0.4409    0.4105  0.003187  0.002257  0.007989
     30/49     11.3G   0.03146  0.005797   0.02371   0.06097        24       640    0.7104    0.4691    0.4645    0.4382  0.002618  0.001765  0.007789
     31/49     11.3G   0.03126  0.006104   0.02302   0.06039        43       640    0.6385    0.3897      0.34    0.2906  0.003553  0.002991  0.009625
     32/49     11.3G   0.03238  0.006405   0.02376   0.06254        35       640    0.7081    0.3793    0.4313    0.3983  0.003165  0.001996  0.008484
     33/49     11.3G   0.03342  0.006144   0.02388   0.06344        39       640    0.6967    0.4456    0.4517    0.4166  0.002784  0.002315  0.008336
     34/49     11.3G   0.03362  0.005892    0.0233   0.06281        36       640    0.6871    0.4978    0.4489    0.4289  0.002773  0.002222  0.007856
     35/49     11.3G   0.02801  0.006307   0.02154   0.05586        20       640     0.437    0.6582    0.4689    0.4382  0.003023  0.001636  0.008036
     36/49     11.3G   0.02831  0.006048   0.02128   0.05563        26       640    0.3781    0.6886     0.495    0.4724  0.002963  0.001794  0.007944
     37/49     11.3G   0.02864  0.005912   0.02187   0.05643        30       640    0.4222    0.6805    0.4963    0.4784  0.003012  0.001701  0.007607
     38/49     11.3G   0.02442    0.0058   0.02031   0.05053        36       640    0.4195    0.6531    0.5037    0.4721  0.002744  0.002295  0.007578
     39/49     11.3G   0.02314  0.005967   0.02048   0.04959        34       640    0.5018    0.6648    0.5165    0.4838  0.002788  0.001881  0.007302
     40/49     11.3G   0.02579  0.005875    0.0217   0.05336        32       640    0.2769    0.6912     0.488    0.4615  0.002872  0.001859  0.007446
     41/49     11.3G    0.0234  0.005783   0.02045   0.04963        31       640    0.4377    0.6604    0.4753    0.4484  0.002785  0.001826  0.007385
     42/49     11.3G   0.02247  0.006047   0.02006   0.04857        35       640    0.4398    0.6506    0.4944    0.4707  0.002771  0.001999  0.007671
     43/49     11.3G    0.0236  0.005944   0.02024   0.04978        37       640    0.3016    0.6774    0.4778    0.4539  0.002707  0.001703  0.007597
     44/49     11.3G   0.02311  0.005953   0.02052   0.04959        25       640    0.7536    0.4662    0.5065    0.4816  0.002772  0.002053  0.007073
     45/49     11.3G   0.02457  0.005782   0.02118   0.05154        22       640    0.4695    0.7063    0.5614    0.5369  0.002854  0.001905   0.00676
     46/49     11.3G   0.02047  0.005778   0.01999   0.04624        24       640    0.5226    0.6758     0.532    0.4989  0.002509  0.002003  0.007011
     47/49     11.3G   0.02169  0.005765    0.0212   0.04866        30       640    0.4593    0.7305    0.5357    0.5037  0.002816  0.001992  0.006906
     48/49     11.3G   0.02267  0.005731   0.02164   0.05004        43       640    0.4931    0.7133    0.5451    0.5179  0.002598  0.001889  0.007076
     49/49     11.3G    0.0199  0.005609   0.02071   0.04622        25       640    0.3539    0.7258    0.5875    0.5589  0.002854   0.00192  0.006713
