      0/49     1.24G    0.0437  0.009708   0.02871   0.08211        36       320    0.1334    0.7612    0.2001    0.1669   0.01735  0.002988   0.01408
      1/49     3.06G   0.03018  0.008171   0.02367   0.06201        47       320    0.1322       0.8    0.2152    0.1995   0.02392  0.002448   0.01402
      2/49      3.4G   0.02317  0.008217   0.02209   0.05348        37       320    0.3516    0.6194    0.2064    0.1642   0.02072  0.003054   0.01396
      3/49      3.4G   0.02012  0.008702   0.02073   0.04956        46       320    0.1616    0.7356    0.2179    0.1923  0.008752  0.002029   0.01428
      4/49      3.4G   0.01967  0.008258   0.02055   0.04848        41       320    0.2949    0.6643    0.3255    0.2893   0.00664  0.002525   0.01415
      5/49      3.4G   0.01914  0.007877   0.01952   0.04655        50       320    0.2348    0.8345    0.4272    0.3722  0.008673  0.002427   0.01326
      6/49      3.4G   0.02002  0.007759    0.0195   0.04728        57       320    0.3514    0.7551    0.3999    0.2918  0.008669   0.00293   0.01302
      7/49      3.4G   0.01743  0.007545   0.01823   0.04321        51       320    0.6516    0.4011    0.4371      0.38  0.007922   0.00254   0.01231
      8/49     3.95G   0.01942  0.007485   0.01878   0.04568        47       320    0.2688    0.7037    0.5139    0.4553  0.007607  0.002617   0.01132
      9/49     3.95G   0.01737   0.00724   0.01734   0.04195        61       320    0.7637    0.5044    0.5419    0.4583  0.007019  0.002606    0.0109
     10/49     3.95G   0.01829  0.007309   0.01791   0.04351        44       320     0.485    0.6627     0.527    0.4685  0.006221   0.00273   0.01106
     11/49     3.95G   0.01867  0.006979   0.01802   0.04367        51       320     0.517    0.7382    0.6421    0.5192  0.008607  0.002521   0.01032
     12/49     3.95G   0.01961   0.00693   0.01752   0.04405        45       320    0.3248    0.6831    0.4488    0.4013  0.007385   0.00233   0.01222
     13/49     3.95G   0.01804  0.007063   0.01693   0.04203        38       320    0.4986    0.7446    0.6619    0.5913  0.007919  0.002078    0.0103
     14/49     3.95G   0.01821  0.006855   0.01708   0.04214        57       320    0.6943    0.7465    0.7488    0.6575  0.006417  0.002419  0.009995
     15/49     3.96G   0.01912  0.006853    0.0172   0.04318        54       320    0.6196    0.8171    0.7394    0.6584  0.005535  0.002482  0.008839
     16/49     3.96G   0.01896  0.006676   0.01746    0.0431        51       320    0.5928    0.8218    0.7596    0.6698  0.005821  0.002106  0.009771
     17/49     3.96G   0.01875  0.006492   0.01697   0.04221        52       320    0.6968    0.7928    0.7824    0.7022  0.006332  0.002587  0.008204
     18/49     3.96G   0.01931  0.006409   0.01712   0.04284        38       320    0.7086    0.7969    0.8178    0.7247  0.006753  0.002501  0.008375
     19/49     3.96G   0.01881  0.006398   0.01738   0.04259        43       320    0.6336    0.8225    0.7596    0.6777  0.006682  0.002695  0.009447
     20/49     3.96G   0.01932  0.006274   0.01776   0.04335        30       320    0.7091    0.9276     0.867    0.7544  0.006743  0.002554  0.007898
     21/49     3.96G   0.01822  0.006233   0.01793   0.04238        37       320    0.5742    0.8491    0.7813    0.7209  0.005592  0.002679  0.008101
     22/49     3.96G   0.01721  0.006079   0.01776   0.04105        33       320    0.5957     0.885    0.8203    0.7253  0.006739  0.002804  0.009004
     23/49     3.96G   0.01683  0.006095    0.0174   0.04033        56       320     0.687    0.7845    0.8262    0.7411  0.006633  0.003025    0.0078
     24/49     3.96G   0.01675  0.006041   0.01835   0.04114        42       320    0.6485    0.8053    0.8465    0.7588  0.007622  0.002733  0.007229
     25/49     3.96G   0.01641  0.005928   0.01836   0.04069        58       320    0.6472    0.8127    0.8521    0.7661  0.006991  0.003091  0.007616
     26/49     3.96G   0.01442  0.005881   0.01788   0.03818        48       320    0.6758     0.857    0.8563    0.7533  0.008007  0.002999  0.007128
     27/49     3.96G   0.01436  0.005902   0.01815   0.03841        36       320    0.7214     0.783    0.8354    0.7646  0.009137  0.003324  0.008008
     28/49     3.96G   0.01344  0.005767   0.01781   0.03702        38       320    0.7283    0.8364    0.8582     0.764  0.008526  0.003168  0.007348
     29/49     3.96G   0.01307  0.005631   0.01826   0.03697        42       320    0.7613    0.7692    0.8501    0.7425   0.01166  0.003089  0.007138
     30/49     3.96G   0.01369  0.005738   0.01785   0.03728        65       320     0.714    0.7188    0.8113    0.6789   0.01555   0.00388  0.008089
     31/49     3.96G   0.01314  0.005592   0.01743   0.03616        50       320     0.684    0.8457    0.8508    0.7339   0.01273  0.003262  0.007471
     32/49     3.96G   0.01234  0.005574   0.01723   0.03514        38       320    0.7067    0.7784    0.8618    0.7287   0.01544  0.004244   0.00729
     33/49     3.96G   0.01207  0.005463   0.01717   0.03471        55       320    0.7635    0.7488     0.837    0.7354   0.01272  0.003609  0.007767
     34/49     3.96G   0.01192  0.005411   0.01711   0.03444        38       320    0.7653    0.6853    0.7742    0.6535   0.01454  0.004397  0.008248
     35/49     3.96G   0.01168  0.005362   0.01739   0.03444        44       320    0.7584    0.7941    0.8806    0.7501   0.01473  0.004138  0.006866
     36/49     3.96G   0.01142  0.005354   0.01678   0.03356        36       320    0.7364     0.831    0.8592    0.7377   0.01227  0.004099   0.00714
     37/49     3.96G   0.01084  0.005316   0.01656   0.03271        46       320    0.7669    0.6962    0.8221    0.6894   0.01589  0.005152  0.007215
     38/49     3.96G   0.01143  0.005291   0.01676   0.03348        59       320    0.7467     0.642    0.7697    0.6423   0.01714  0.005978   0.00872
     39/49     3.96G   0.01065  0.005171   0.01667   0.03249        51       320    0.7138    0.6688    0.7854    0.6334   0.01779  0.004882  0.008422
     40/49     3.96G   0.01079  0.005099   0.01662   0.03251        51       320    0.7898    0.6981    0.8232     0.695   0.01535  0.004409  0.007635
     41/49     3.96G   0.01094  0.005218   0.01669   0.03284        33       320    0.7968    0.6344    0.7957    0.6263   0.01802  0.005667  0.007978
     42/49     3.96G   0.01069  0.005133   0.01655   0.03237        36       320    0.6452    0.6247    0.7036    0.5204   0.01898  0.006569  0.008671
     43/49     3.96G   0.01061  0.005062   0.01673    0.0324        44       320    0.7258    0.4419     0.558    0.3731   0.02204  0.007567  0.009214
     44/49     3.96G   0.01054  0.005099    0.0169   0.03255        56       320    0.7384    0.4429    0.5557    0.3806   0.02254  0.008665  0.008902
     45/49     3.96G  0.009931  0.005064   0.01627   0.03127        41       320    0.5882    0.6101    0.6624    0.4792    0.0212  0.006986  0.008376
     46/49     3.96G   0.01041  0.004987   0.01632   0.03172        60       320    0.7191    0.5083    0.6401    0.4509   0.02086  0.007793  0.008886
     47/49     3.96G   0.01017  0.005088   0.01684    0.0321        36       320    0.7343    0.5729    0.7033    0.5105   0.02026  0.008031  0.008131
     48/49     3.96G  0.009885  0.005013   0.01622   0.03111        73       320    0.7909    0.4761    0.6282    0.4136   0.02197  0.008807  0.008564
     49/49     3.96G   0.00996  0.004988   0.01646    0.0314        47       320    0.8568     0.439    0.5855    0.3794   0.02253  0.009597  0.008774
