      0/49    0.782G   0.04902  0.006195   0.02546   0.08068        50        96   0.03023    0.3204    0.0339  0.008959    0.1134  0.003074   0.03208
      1/49     1.05G   0.02506   0.00548   0.02034   0.05088        38        96    0.1264    0.7379    0.1884    0.1366   0.07228  0.002737   0.03257
      2/49     1.05G   0.01573    0.0048   0.02003   0.04056        40        96     0.134    0.8908    0.1998    0.1743   0.07002  0.002333    0.0331
      3/49     1.05G   0.01436  0.004771   0.01909   0.03821        38        96    0.1472    0.5156    0.1886    0.1238   0.07221  0.002207   0.05031
      4/49     1.05G   0.01306  0.004858   0.01783   0.03575        40        96    0.5807      0.33    0.2976    0.1606   0.06655  0.001981   0.03399
      5/49     1.05G   0.01247  0.004951   0.01689   0.03431        39        96    0.1532    0.7757     0.363    0.2806      0.06  0.001731   0.03261
      6/49     1.05G   0.01105  0.005241   0.01527   0.03157        60        96    0.6927      0.45    0.5012    0.3465   0.06418  0.001699   0.03089
      7/49     1.05G   0.01045  0.005083    0.0146   0.03013        40        96    0.7429    0.3948    0.5121    0.3989   0.06151  0.001785   0.03036
      8/49     1.05G  0.009123  0.004991   0.01379    0.0279        42        96    0.7864    0.4956    0.5833    0.5263   0.05808  0.001538   0.03041
      9/49     1.05G  0.009129  0.004889   0.01324   0.02726        48        96    0.5463    0.7512    0.6397    0.5755   0.06168   0.00159   0.02909
     10/49     1.05G  0.008589  0.004788   0.01269   0.02606        48        96    0.4087    0.7594    0.6347    0.5754   0.05813   0.00146   0.02987
     11/49     1.05G  0.008731  0.004659   0.01235   0.02574        53        96    0.4522     0.866    0.6964    0.5914   0.05964  0.001613   0.02808
     12/49     1.05G  0.008407  0.004499   0.01191   0.02482        43        96    0.4889    0.7592    0.6912    0.6041   0.06181  0.001957   0.02672
     13/49     1.05G  0.008116  0.004459   0.01144   0.02401        42        96    0.5216    0.7858    0.7048    0.6144   0.05955  0.001771   0.02721
     14/49     1.05G  0.008288  0.004491   0.01135   0.02412        41        96    0.5523    0.8124    0.7522    0.6839   0.05847  0.001753   0.02724
     15/49     1.05G  0.008027   0.00437   0.01072   0.02312        59        96    0.7015    0.8408    0.7858     0.697   0.05914  0.001626    0.0267
     16/49     1.05G  0.007962  0.004328   0.01057   0.02286        43        96      0.75    0.8561    0.8266    0.7409   0.05787  0.001504   0.02643
     17/49     1.05G  0.008041  0.004249   0.01033   0.02262        39        96    0.6234    0.8211    0.7932    0.6724   0.06187   0.00178    0.0265
     18/49     1.05G  0.007651  0.004156   0.01007   0.02188        38        96    0.7594    0.8596    0.8441    0.7791    0.0602  0.001787   0.02623
     19/49     1.05G  0.007049  0.004151  0.009902    0.0211        45        96    0.7253    0.8482    0.8319    0.7483   0.05884  0.001765   0.02902
     20/49     1.05G  0.007211  0.004118  0.009855   0.02118        71        96    0.7084    0.9102     0.866    0.7748   0.05795  0.001751   0.02532
     21/49     1.05G  0.007214   0.00403   0.00968   0.02092        38        96    0.8339    0.8918    0.8928    0.7935   0.05967  0.002036   0.02651
     22/49     1.05G  0.006855  0.004033   0.00952   0.02041        49        96    0.7425    0.8298    0.8584    0.7755   0.06038  0.001938   0.02624
     23/49     1.05G  0.006619  0.003915   0.00944   0.01997        48        96     0.796    0.7858    0.8759    0.7039   0.06164  0.001874   0.02761
     24/49     1.05G  0.006524  0.003919  0.009218   0.01966        41        96    0.6847    0.8737     0.878    0.7702   0.06127   0.00188   0.02527
     25/49     1.05G  0.006447  0.003856  0.009148   0.01945        30        96    0.7623    0.8906    0.9158    0.7973   0.06013  0.002124   0.02604
     26/49     1.05G  0.006535  0.003823  0.009002   0.01936        50        96    0.8447    0.9139    0.9493    0.7955   0.06178  0.002019   0.02435
     27/49     1.05G  0.006383  0.003766  0.008826   0.01897        39        96    0.8128    0.9068      0.95    0.8433   0.05873   0.00194   0.02655
     28/49     1.05G  0.005867  0.003723  0.008719   0.01831        36        96    0.8565    0.8756    0.9502    0.7916   0.06134  0.002033   0.02616
     29/49     1.05G  0.005894  0.003664  0.008535   0.01809        38        96    0.9227    0.9167    0.9707    0.8654   0.05926  0.002127   0.02373
     30/49     1.05G   0.00595  0.003667  0.008698   0.01832        39        96    0.8709     0.947    0.9804    0.8148   0.06191   0.00223   0.02395
     31/49     1.05G  0.005872  0.003644  0.008429   0.01794        40        96    0.9455    0.9015    0.9786    0.8593   0.06037  0.002322   0.02258
     32/49     1.05G  0.005414  0.003642  0.008295   0.01735        26        96    0.9562    0.9202    0.9822    0.8907   0.06033  0.002199   0.02295
     33/49     1.05G   0.00572  0.003582   0.00808   0.01738        41        96    0.8718    0.9674    0.9892    0.8539   0.06087  0.002179   0.02252
     34/49     1.05G  0.005549  0.003558  0.008123   0.01723        39        96    0.9539    0.9494    0.9903       0.9   0.05957  0.002183   0.02221
     35/49     1.05G  0.005614  0.003492  0.007952   0.01706        54        96    0.9573    0.9686    0.9852    0.8603   0.06001   0.00208   0.02204
     36/49     1.05G  0.005371   0.00346  0.007854   0.01669        48        96    0.9555    0.9718    0.9937    0.9091   0.05737  0.002302    0.0212
     37/49     1.05G  0.005228   0.00344  0.007642   0.01631        44        96    0.9448    0.9693    0.9927    0.8642   0.05905  0.002287    0.0214
     38/49     1.05G   0.00535  0.003392  0.007746   0.01649        47        96    0.9529    0.9739    0.9953    0.9044   0.05812  0.002195   0.02143
     39/49     1.05G  0.004886  0.003369  0.007474   0.01573        39        96    0.9556    0.9734    0.9952    0.8877    0.0586  0.002194   0.02067
     40/49     1.05G  0.005044  0.003268  0.007402   0.01571        46        96    0.9725    0.9898    0.9952    0.8818   0.05909  0.002252    0.0214
     41/49     1.05G  0.005569  0.003317  0.007495   0.01638        58        96    0.9555    0.9872    0.9952    0.8932   0.05879  0.002201   0.02076
     42/49     1.05G  0.004914  0.003211  0.007176    0.0153        40        96    0.9717    0.9714     0.995    0.9124   0.05799  0.002353   0.02138
     43/49     1.05G  0.004651  0.003267  0.007107   0.01503        48        96    0.9628    0.9993    0.9952     0.869   0.06032  0.002378   0.02124
     44/49     1.05G  0.005416  0.003187  0.007303   0.01591        36        96    0.9206         1    0.9945     0.862   0.06182  0.002487    0.0206
     45/49     1.05G   0.00443  0.003121  0.006969   0.01452        38        96    0.9748    0.9651    0.9945    0.9158   0.05956  0.002403   0.02008
     46/49     1.05G  0.005058  0.003113  0.006929    0.0151        44        96    0.9399    0.9518    0.9948    0.9073   0.05858  0.002424    0.0205
     47/49     1.05G  0.004495  0.003181  0.006853   0.01453        40        96    0.9758    0.9623     0.995    0.9153   0.05776  0.002529   0.02031
     48/49     1.05G  0.004914  0.003142  0.006985   0.01504        44        96    0.9758    0.9757    0.9946    0.8977   0.05937  0.002571   0.01994
     49/49     1.05G  0.004872  0.003155  0.006927   0.01495        45        96    0.9767    0.9777     0.995    0.9112   0.05894  0.002546   0.02016
