      0/49     2.13G   0.04598   0.01398   0.02751   0.08748        25       640   0.05762    0.4291   0.05304   0.01945   0.01536  0.005234   0.01074
      1/49      9.9G   0.04304   0.01159   0.02585   0.08049        29       640  0.001096     0.272 0.0005128  0.000181   0.02491   0.06131   0.01159
      2/49     11.1G   0.04255   0.01103   0.02384   0.07741        20       640    0.3526    0.2501   0.08372    0.0696   0.01726  0.003291   0.01043
      3/49     11.1G   0.03695  0.009301   0.01989   0.06614        20       640     0.276     0.635    0.1855    0.1285   0.01063  0.003049   0.01047
      4/49     11.1G   0.02789  0.009041   0.01742   0.05435        29       640   0.02864   0.01878  0.002109  0.001231   0.02724     1.153   0.02255
      5/49     11.1G   0.02809   0.01021   0.01899   0.05729        32       640    0.1436   0.09948 0.0002729  4.94e-05   0.04389     1.355   0.03064
      6/49     11.1G   0.03554   0.01128   0.01885   0.06566        44       640  0.003984    0.3671  0.003274 0.0006962   0.02821   0.01116   0.01057
      7/49     11.1G   0.02731   0.01064   0.01835    0.0563        49       640    0.2301    0.3603    0.1107   0.06305  0.007084   0.00372   0.01052
      8/49     11.1G   0.02976   0.01072   0.02029   0.06078        35       640    0.3901    0.3581    0.1707     0.129  0.004525  0.004057   0.01064
      9/49     11.1G   0.02741  0.009883   0.02023   0.05752        30       640    0.5482    0.3153    0.1875    0.1097  0.005682  0.004228   0.01052
     10/49     11.1G   0.02686  0.009318   0.02021   0.05639        23       640    0.4104    0.3475    0.1893    0.1083  0.006753  0.003397   0.01056
     11/49     11.1G   0.02792  0.009262   0.02046   0.05764        23       640    0.2869    0.5179    0.1848    0.1175   0.00539  0.003508   0.01048
     12/49     11.1G   0.02396   0.00917   0.01997    0.0531        29       640    0.2812    0.5864     0.178    0.1377  0.002947  0.003216   0.01042
     13/49     11.1G   0.02482  0.008933    0.0202   0.05395        31       640     0.257    0.5723    0.1768    0.1041  0.007946  0.003207    0.0105
     14/49     11.1G   0.02513  0.008872   0.02016   0.05416        35       640    0.1474    0.8183    0.1982    0.1883  0.002981  0.003089   0.01049
     15/49     11.1G   0.02497  0.008588   0.01994    0.0535        25       640    0.1697    0.7192    0.2002    0.1776  0.003676  0.003099    0.0104
     16/49     11.1G   0.02244  0.008396   0.02028   0.05112        38       640    0.1389    0.8929    0.2196    0.2074  0.002961  0.002581    0.0103
     17/49     11.1G   0.02348   0.00815   0.01976   0.05139        32       640    0.1303    0.5468    0.1773    0.1551  0.003109  0.003088    0.0104
     18/49     11.1G   0.02392  0.007906   0.02006   0.05189        28       640    0.1619    0.7456    0.2353    0.1959  0.003832  0.002887   0.01007
     19/49     11.1G   0.02318  0.008196   0.01972   0.05109        28       640    0.1757    0.7119    0.2559    0.2325  0.003255  0.002429   0.01013
     20/49     11.1G   0.02429  0.007842   0.01988   0.05201        33       640   0.09434    0.3591   0.07869   0.07429   0.02361  0.003923   0.01069
     21/49     11.1G   0.02139  0.007736   0.01947    0.0486        33       640    0.3365    0.5511    0.2896    0.2476  0.003004  0.002103  0.009988
     22/49     11.1G   0.02167  0.007768   0.01963   0.04906        23       640    0.3896    0.5951    0.3301     0.289   0.00268  0.002283  0.009914
     23/49     11.1G   0.02064  0.007509    0.0195   0.04765        35       640     0.698    0.4173    0.4015    0.3739  0.003508   0.00197  0.009842
     24/49     11.1G   0.02052  0.007408   0.01925   0.04718        33       640    0.2995     0.741     0.302    0.2817  0.002964  0.001884  0.009861
     25/49     11.1G    0.0212  0.007326   0.01945   0.04798        24       640    0.1568    0.7981    0.3269    0.3122  0.002789  0.002314  0.009631
     26/49     11.1G    0.0201  0.007241   0.01945   0.04679        30       640    0.1514    0.8806    0.3815    0.3587  0.002584  0.002082  0.009127
     27/49     11.1G   0.02258  0.007235   0.01976   0.04958        19       640    0.1547    0.9796    0.4174    0.4016  0.002687  0.001732  0.009252
     28/49     11.1G   0.01874  0.007242   0.01904   0.04502        30       640    0.1586    0.7969    0.3135    0.2876  0.004297  0.002139  0.009518
     29/49     11.1G   0.01823  0.006954   0.01939   0.04458        25       640    0.2443    0.6599    0.4105    0.3827  0.002908  0.002278  0.009255
     30/49     11.1G   0.01996  0.006707   0.01954   0.04621        24       640    0.1745     0.708    0.3337    0.3145  0.003085  0.002303    0.0094
     31/49     11.1G   0.01956  0.006991    0.0191   0.04565        43       640    0.6758     0.465    0.4588    0.4363  0.002875  0.002031  0.008575
     32/49     11.1G   0.02121  0.007486   0.02023   0.04893        35       640  0.001839   0.03251 0.0001831  9.13e-05   0.04181   0.03252   0.01813
     33/49     11.1G   0.02346  0.007673   0.02013   0.05127        39       640    0.6313    0.4084    0.3602    0.2552  0.004867  0.002739  0.009331
     34/49     11.1G   0.02399  0.007068    0.0212   0.05226        36       640    0.5259    0.1547    0.1136   0.06867  0.004559  0.003981  0.009833
     35/49     11.1G   0.02116  0.007441   0.02048   0.04908        20       640    0.3451    0.6874     0.426     0.396  0.003217  0.002237  0.009066
     36/49     11.1G   0.02087  0.007239   0.02037   0.04847        26       640     0.294    0.7163    0.2861    0.2697  0.002715  0.002021   0.01003
     37/49     11.1G    0.0216  0.006881   0.02032   0.04881        30       640    0.5894    0.2609    0.2166    0.1799  0.002685  0.003297   0.01008
     38/49     11.1G   0.02178  0.006949   0.01999   0.04871        36       640    0.6411     0.504    0.4409     0.373  0.003511  0.002589  0.008416
     39/49     11.1G   0.01914  0.006962   0.01953   0.04563        34       640    0.7164     0.407    0.4648    0.4183  0.002849   0.00228  0.008015
     40/49     11.1G   0.02023  0.006679   0.01969    0.0466        32       640    0.6447    0.4462    0.4364    0.3937  0.003078  0.002727   0.00838
     41/49     11.1G   0.02163  0.006674   0.02043   0.04874        31       640    0.7482    0.4162    0.4879    0.4494  0.003035  0.002065  0.007634
     42/49     11.1G   0.01833  0.006802   0.01911   0.04424        35       640    0.7818    0.4065    0.5269    0.4987  0.002918  0.002042  0.007706
     43/49     11.1G   0.01825  0.006695   0.01916    0.0441        37       640     0.694    0.5106    0.4768    0.4488  0.002718  0.002159  0.007766
     44/49     11.1G   0.02104  0.006673   0.01955   0.04726        25       640    0.7009    0.5034    0.5102    0.4786  0.002958  0.002051  0.007427
     45/49     11.1G   0.01897  0.006444   0.01898    0.0444        22       640    0.7655    0.4628    0.5106    0.4749  0.003434  0.002094   0.00792
     46/49     11.1G   0.01675  0.006521   0.01883    0.0421        24       640    0.7176    0.4522    0.5071    0.4573   0.00306  0.001988  0.007493
     47/49     11.1G   0.01753  0.006405   0.01926    0.0432        30       640    0.6802    0.4824    0.5065    0.4757  0.003019  0.002013  0.007522
     48/49     11.1G   0.01873  0.006356   0.01949   0.04458        43       640     0.411    0.6698    0.5254    0.4971  0.002921  0.001974  0.007474
     49/49     11.1G   0.01673  0.006129   0.01886   0.04172        25       640    0.5759    0.6285    0.5425     0.511  0.003017  0.002032  0.007517
