      0/49     0.99G   0.06936  0.001366   0.01998    0.0907        28        96 0.0009127    0.2778 0.0005402 9.187e-05    0.1334  0.001205   0.03068
      1/49     1.04G    0.0666   0.00168   0.01872     0.087        41        96 0.0004227    0.1146  0.000116 1.808e-05    0.1328  0.001502   0.03047
      2/49     1.04G   0.06322  0.001908   0.01842   0.08355        35        96 0.0005042    0.1701 0.0001421 2.368e-05    0.1285  0.001926   0.02858
      3/49     1.04G   0.05965  0.001975   0.01776   0.07938        21        96 0.0003944    0.1389 0.0001204 1.518e-05    0.1324   0.00159   0.02765
      4/49     1.04G   0.05654  0.002266   0.01725   0.07605        34        96 0.0009078    0.1667 0.0003183 5.736e-05    0.1291     0.002   0.02631
      5/49     1.07G   0.05635  0.002192   0.01667   0.07521        31        96 0.0005173    0.1146 0.0001849 4.174e-05    0.1251  0.002458    0.0264
      6/49     1.07G   0.05605  0.002125   0.01568   0.07386        23        96 0.0002908   0.05903 5.107e-05 5.107e-06    0.1309  0.002064   0.02854
      7/49     1.07G   0.05565  0.001793   0.01488   0.07232        42        96         0         0         0         0    0.1351  0.001508   0.02826
      8/49     1.07G   0.06015  0.001956   0.01639    0.0785        17        96         0         0         0         0    0.1358  0.001626   0.03328
      9/49     1.07G   0.05661  0.002016   0.01475   0.07338        36        96         0         0         0         0    0.1473  0.001354   0.04739
     10/49     1.07G   0.05165  0.001825   0.01361   0.06709        37        96  0.000827      0.25 0.0005356 7.809e-05    0.1324  0.002075   0.03294
     11/49     1.07G   0.03483  0.001978   0.01013   0.04694        27        96  0.005443   0.08681  0.004317 0.0009288    0.1333  0.001952   0.02946
     12/49     1.07G   0.04706  0.001892   0.01255    0.0615        25        96  0.000511    0.1493 0.0001583 2.289e-05    0.1398  0.001801    0.0322
     13/49     1.07G   0.04289  0.001833   0.01063   0.05535        29        96  0.003361    0.1354   0.00192 0.0004657    0.1393  0.001729   0.02756
     14/49     1.07G   0.04357  0.001741   0.01101   0.05632        24        96         0         0         0         0    0.1364  0.001934   0.03255
     15/49     1.07G   0.04837  0.001782   0.01159   0.06174        33        96 0.0004194    0.1562 0.0002945 5.811e-05     0.137  0.001756   0.03003
     16/49     1.07G   0.03215  0.001832  0.009642   0.04363        25        96    0.7537   0.05556  0.001351 0.0002543    0.1486  0.003855   0.03277
     17/49     1.07G   0.04092  0.001833   0.01152   0.05428        30        96 0.0009669    0.1806 0.0005095 6.709e-05    0.1469  0.008081   0.04623
     18/49     1.07G    0.0387  0.001803   0.01056   0.05107        33        96         0         0         0         0     0.148   0.01151    0.7489
     19/49     1.07G   0.04172   0.00187   0.01078   0.05436        26        96 0.0007997    0.1146 0.0003124 6.363e-05    0.1447  0.001723   0.09987
     20/49     1.07G   0.04142    0.0018   0.01053   0.05375        25        96  0.002097    0.0625  0.001317 0.0001968    0.1399  0.001466   0.03204
     21/49     1.07G   0.04758  0.001838   0.01283   0.06225        38        96  0.002024     0.125  0.002127  0.000502    0.1374  0.001424   0.02912
     22/49     1.07G   0.03209  0.001744  0.009037   0.04287        34        96  0.001331    0.2569 0.0006963 9.809e-05    0.1367  0.001962   0.04634
     23/49     1.07G    0.0438  0.001947   0.01127   0.05702        30        96  0.001681    0.1111  0.001213 0.0002155    0.1348  0.001733   0.02961
     24/49     1.07G   0.03506  0.002004   0.01044    0.0475        37        96   0.00254    0.3472  0.002144 0.0002676    0.1346  0.001734   0.03067
     25/49     1.07G    0.0397  0.001954   0.01085   0.05251        31        96  0.001365    0.2882 0.0007098  8.93e-05    0.1394  0.001901   0.04562
     26/49     1.07G   0.03657  0.002096  0.009834    0.0485        48        96  0.001463    0.1111 0.0005452 5.452e-05    0.1303  0.002133    0.0336
     27/49     1.07G   0.04412   0.00203    0.0114   0.05755        29        96   0.01185   0.04167  0.004486  0.001104    0.1378  0.001693   0.03275
     28/49     1.07G    0.0369  0.002059   0.01013   0.04909        35        96  0.009978   0.04167  0.004529 0.0009526    0.1377  0.001566   0.03128
     29/49     1.07G   0.04294  0.002153   0.01075   0.05584        28        96    0.5273   0.03125   0.01366  0.001837    0.1322  0.001704   0.02912
     30/49     1.07G   0.03738  0.002155   0.01034   0.04987        17        96   0.04236    0.1806   0.03252  0.008972    0.1322  0.001847    0.0319
     31/49     1.07G   0.04767  0.002146   0.01209   0.06191        30        96   0.01369    0.3368   0.01368  0.002169     0.128  0.001893   0.02812
     32/49     1.07G   0.04457  0.002264   0.01171   0.05855        31        96  0.007557    0.1806  0.007044  0.001356    0.1358   0.00165   0.02996
     33/49     1.07G   0.03834  0.002106  0.009765   0.05021        42        96   0.01464    0.0625   0.01748  0.003927     0.128  0.001905   0.02507
     34/49     1.07G   0.04904  0.002257   0.01099   0.06229        26        96   0.02072    0.5486   0.02529   0.00382    0.1265   0.00188   0.02489
     35/49     1.07G   0.03742  0.002195  0.009919   0.04954        37        96   0.03751    0.4514   0.03791  0.006468     0.127  0.001855   0.02477
     36/49     1.07G   0.04157  0.002343   0.01061   0.05452        35        96    0.5575   0.04167   0.01647  0.001834    0.1435  0.001803   0.03702
     37/49     1.07G   0.04379  0.002062   0.01181   0.05766        45        96  0.003564    0.3299  0.002869 0.0005772    0.1305   0.00171   0.02614
     38/49     1.07G   0.04151  0.002131   0.01068   0.05432        30        96  0.005308    0.4792  0.005777 0.0008875    0.1314  0.001643   0.02608
     39/49     1.07G   0.03972  0.002156   0.01034   0.05222        28        96    0.2646   0.04336  0.009451  0.001372     0.132   0.00161   0.02632
     40/49     1.07G   0.04271  0.002034   0.01071   0.05545        37        96    0.5413    0.1111    0.0421  0.006263    0.1297  0.001702   0.02607
     41/49     1.07G   0.03713  0.002152  0.009662   0.04895        26        96      0.62    0.2014   0.09494   0.02138    0.1267  0.001861   0.02488
     42/49     1.07G   0.03465  0.002293  0.009494   0.04644        38        96    0.3304    0.2326    0.1005   0.02231    0.1267  0.001843   0.02409
     43/49     1.07G   0.06495  0.002208   0.01408   0.08124        23        96    0.8307    0.0625   0.05746    0.0162    0.1273  0.001783   0.02332
     44/49     1.07G   0.04664  0.002277   0.01161   0.06053        29        96    0.9157   0.06181   0.08612   0.02052    0.1252  0.001831   0.02338
     45/49     1.07G    0.0345  0.002281  0.009148   0.04592        39        96    0.8183    0.0625   0.07328    0.0203    0.1247  0.001851   0.02295
     46/49     1.07G     0.041  0.002281   0.01055   0.05384        32        96    0.8527    0.0625   0.05656   0.01431    0.1255  0.001803   0.02271
     47/49     1.07G   0.04944  0.002262   0.01333   0.06503        34        96    0.3205    0.1667    0.0791   0.01723    0.1273  0.001661   0.02264
     48/49     1.07G   0.03648  0.002217   0.00952   0.04822        27        96    0.3315    0.1042   0.08518    0.0223    0.1267  0.001698   0.02271
     49/49     1.07G   0.05206  0.002254    0.0121   0.06641        30        96    0.3274    0.1979    0.1073   0.02761    0.1267  0.001719   0.02316
