      0/49     12.1G   0.07461   0.01462   0.02572     0.115        34       640   0.01287   0.02778  0.002955 0.0003616    0.1236   0.01267   0.02905
      1/49     12.1G   0.06673   0.01177   0.02418    0.1027        31       640    0.8724    0.0272   0.02951  0.004015    0.1087   0.01123   0.02767
      2/49     10.4G   0.06118   0.01097   0.02358   0.09572        32       640    0.3254    0.1322   0.07774   0.01025    0.1007   0.01043   0.02601
      3/49     10.4G   0.05854  0.009975   0.02249   0.09101        24       640   0.05348    0.3438   0.05017   0.01001    0.0962  0.009537   0.02577
      4/49     10.4G   0.05234  0.009995   0.02131   0.08365        35       640    0.4241     0.325    0.1906   0.06575   0.08924  0.009532   0.02604
      5/49     10.4G   0.05104  0.008935   0.02009   0.08007        14       640    0.3366    0.2293    0.2215   0.08143   0.09545  0.008545   0.02538
      6/49     10.4G   0.04954  0.008738   0.01843   0.07671        30       640    0.2995    0.8797    0.4881    0.1737   0.08538  0.008392   0.02298
      7/49     10.4G   0.05223  0.008668   0.01889   0.07979        33       640    0.3767    0.4375    0.4074    0.1204   0.09946   0.00742   0.02371
      8/49     10.4G   0.05073  0.008596   0.01809   0.07742        30       640    0.5829    0.7014    0.6895    0.2895    0.0857  0.007668   0.01954
      9/49     10.4G   0.04807  0.007893   0.01739   0.07336        39       640    0.4742    0.6666    0.7117    0.3779   0.08508  0.006758   0.01975
     10/49     10.4G   0.04687  0.007193   0.01541   0.06947        21       640    0.4745    0.9375    0.8289    0.3413   0.08604   0.00624   0.01914
     11/49     10.4G   0.05434   0.00717   0.01587   0.07738        33       640    0.5401    0.6955    0.7601    0.3312   0.08364  0.006504   0.01786
     12/49     10.4G   0.04146  0.006546   0.01437   0.06238        39       640     0.209    0.4931    0.2307    0.0974   0.09952  0.007284   0.02637
     13/49     10.4G   0.05077  0.006962   0.01738   0.07512        28       640    0.8149     0.418    0.5316     0.112   0.09094  0.007387   0.01842
     14/49     10.4G   0.04362  0.006225   0.01326    0.0631        32       640    0.8108    0.9688    0.8958    0.4239   0.08408  0.005757   0.01394
     15/49     10.4G   0.05167  0.006127   0.01579   0.07358        42       640    0.7094    0.9087    0.8349     0.383   0.06384   0.00707    0.0157
     16/49     10.4G   0.04952   0.00574   0.01282   0.06808        26       640    0.8212     0.958    0.9446    0.4897   0.07687  0.005643   0.01247
     17/49     10.4G   0.04805  0.005762   0.01255   0.06636        29       640    0.7117     0.888    0.8123    0.3605    0.0807  0.005651   0.01731
     18/49     10.4G   0.04928  0.005894   0.01526   0.07044        39       640    0.2501   0.04167  3.29e-05  3.29e-06    0.1249  0.009728   0.07621
     19/49     10.4G   0.04786  0.005942   0.01373   0.06753        41       640    0.2502   0.04167 9.662e-05 2.773e-05    0.1224  0.006526   0.02814
     20/49     10.4G    0.0544  0.006306   0.01355   0.07426        19       640    0.5794    0.5438     0.577    0.2349   0.07776  0.007149   0.01858
     21/49     10.4G   0.05905   0.00595   0.01384   0.07884        28       640    0.8335    0.9171    0.9633    0.4709   0.07308  0.006144   0.01268
     22/49     10.4G   0.04696  0.005377   0.01217   0.06451        31       640   0.07754    0.1477   0.06343   0.02477   0.09799  0.008284   0.01867
     23/49     10.4G   0.04098  0.005653  0.009956   0.05659        45       640    0.2915    0.2937    0.3182     0.141   0.08818  0.007717   0.01778
     24/49     12.4G   0.04935  0.005497   0.01166   0.06651        28       640     0.939    0.9076    0.9818    0.6236   0.08041  0.005761   0.01179
     25/49     12.4G   0.04764    0.0057   0.01187    0.0652        20       640    0.6923    0.5154    0.5273    0.2397   0.07961  0.006986   0.01732
     26/49     12.4G   0.05496  0.005687    0.0132   0.07385        30       640    0.5975    0.4618    0.4985    0.2821   0.07676  0.006905   0.01629
     27/49     12.4G    0.0559  0.005248   0.01358   0.07472        29       640    0.7288    0.9367    0.9434    0.5149   0.05834  0.005691   0.01245
     28/49     12.4G   0.05288   0.00539   0.01091   0.06918        38       640    0.9363    0.9171    0.9776    0.4046   0.05561  0.006086   0.01131
     29/49     12.4G   0.04568  0.005187   0.01048   0.06134        34       640    0.6299    0.6734    0.6287    0.3176   0.04757  0.007417   0.01469
     30/49     12.4G   0.04485  0.005323  0.009885   0.06006        38       640    0.9638      0.92     0.985    0.5646   0.04359  0.005942   0.01306
     31/49     12.4G     0.041  0.005294  0.009171   0.05546        25       640    0.9269    0.9867     0.984    0.6435    0.0422  0.005679   0.01153
     32/49     12.4G   0.04957  0.004749   0.01042   0.06474        30       640    0.8405     0.974    0.9736    0.5756   0.04225  0.005888    0.0122
     33/49     12.4G   0.03031  0.004991  0.006222   0.04152        32       640    0.8733    0.9091    0.9333    0.4914   0.04372  0.006045   0.01193
     34/49     12.4G   0.04829  0.005024  0.009585    0.0629        29       640    0.7628    0.7679    0.7835    0.4108   0.05123   0.00637   0.01144
     35/49     12.4G   0.04173  0.005016  0.008571   0.05532        26       640    0.8032    0.6439    0.6418    0.2879   0.05884  0.006356   0.01213
     36/49     12.4G   0.04257   0.00491  0.007694   0.05517        26       640    0.9352    0.9366    0.9432    0.4823    0.0546  0.006105   0.01173
     37/49     12.4G   0.04015  0.005101  0.008857   0.05411        35       640    0.9631    0.9885    0.9951     0.573   0.04916  0.005443   0.01059
     38/49     12.4G   0.04218  0.004962  0.008271   0.05541        32       640    0.9495    0.9998    0.9952    0.6524   0.05298  0.005115   0.01021
     39/49     12.4G   0.04488  0.004519  0.008253   0.05765        28       640    0.9715    0.9687    0.9951    0.5978   0.05379  0.005123    0.0101
     40/49     12.4G    0.0371  0.004562  0.007567   0.04923        33       640    0.9562    0.5348    0.6487    0.3625   0.06475  0.006966    0.0113
     41/49     12.4G   0.03491  0.004526   0.00632   0.04575        42       640     0.975    0.8863    0.9711    0.5914   0.05931  0.006215    0.0106
     42/49     12.4G    0.0482  0.004733   0.01077    0.0637        45       640    0.9776         1    0.9951    0.6229   0.05575   0.00491   0.00964
     43/49     12.4G   0.04122  0.004202  0.008952   0.05437        30       640    0.9683    0.9986    0.9951    0.6053   0.05567  0.004807   0.01028
     44/49     12.4G   0.03035  0.004374   0.00705   0.04177        41       640    0.9142    0.9722    0.9924    0.5765   0.05468  0.004987   0.01125
     45/49     12.4G    0.0408  0.004516  0.008652   0.05396        29       640    0.9489         1    0.9951    0.6015   0.05318  0.004919   0.01019
     46/49     12.4G   0.03933  0.004526  0.008335   0.05219        44       640    0.9625    0.9772    0.9841    0.6042   0.04623  0.005416  0.009869
     47/49     12.4G   0.03552  0.004511  0.008249   0.04828        27       640     0.978         1    0.9951    0.5804   0.04333  0.005185  0.009908
     48/49     12.4G    0.0381  0.004428  0.008208   0.05074        39       640    0.9797         1    0.9951    0.5535   0.04119  0.005059  0.009764
     49/49     12.4G   0.02812  0.004359   0.00544   0.03792        26       640    0.9901         1    0.9952     0.614   0.04029  0.004987  0.009674
