      0/49     0.99G   0.06899  0.001371   0.01996   0.09032        28        96  0.001184   0.08333 0.0005861 0.0001061    0.1342  0.001214   0.02996
      1/49     1.04G   0.07159    0.0017   0.02009   0.09338        41        96  0.000381    0.1389 0.0001044 2.496e-05    0.1322  0.002143   0.02908
      2/49     1.04G   0.06182   0.00201   0.01872   0.08255        35        96  0.000219   0.05903 4.794e-05 1.249e-05    0.1281  0.002213   0.02876
      3/49     1.04G   0.06029  0.001969   0.01834    0.0806        21        96 0.0002991    0.1111 8.711e-05 1.752e-05    0.1311  0.001915   0.02863
      4/49     1.04G   0.05933   0.00223   0.01759   0.07915        34        96    0.5751   0.03125   0.01112  0.001281    0.1335  0.002027   0.03063
      5/49     1.07G   0.05914  0.002213   0.01793   0.07927        31        96 0.0005319   0.02778  0.000153  4.09e-05    0.1327  0.002126   0.03087
      6/49     1.07G   0.05246  0.002234   0.01527   0.06997        23        96 0.0004912    0.1667 0.0001867  2.11e-05     0.136  0.001864   0.03201
      7/49     1.07G   0.05566  0.002184   0.01405    0.0719        42        96 0.0005437     0.191  0.000206 4.435e-05    0.1497   0.00177   0.03033
      8/49     1.07G   0.05507  0.002133   0.01341   0.07062        17        96         0         0         0         0    0.1544  0.001546    0.0309
      9/49     1.07G   0.05743  0.002036   0.01476   0.07422        36        96         0         0         0         0    0.1505  0.001456   0.02958
     10/49     1.07G   0.04822  0.001759   0.01216   0.06215        37        96 0.0006993    0.2083 0.0006789 0.0002082    0.1381  0.001719   0.02977
     11/49     1.07G   0.04545  0.001908   0.01163   0.05899        27        96 0.0002301   0.02778 5.764e-05 5.764e-06    0.1498  0.001777   0.02871
     12/49     1.07G   0.04366  0.001796   0.01149   0.05694        25        96 0.0005161    0.1701 0.0002229  2.81e-05    0.1547  0.001433   0.02669
     13/49     1.07G   0.05134  0.001682   0.01249   0.06551        29        96  0.002326   0.04167   0.00218 0.0003326    0.1497  0.001801   0.02515
     14/49     1.07G   0.04679  0.001696   0.01151      0.06        24        96  0.006971   0.05556  0.005079 0.0005305    0.1497  0.001751   0.02654
     15/49     1.07G   0.04127   0.00179   0.01151   0.05457        33        96  0.001194    0.2535  0.001019 0.0002695    0.1352  0.001829   0.03015
     16/49     1.07G   0.04342   0.00193   0.01117   0.05651        25        96 0.0006054    0.2083 0.0002447 2.891e-05    0.1522  0.001915   0.02776
     17/49     1.07G   0.03828  0.001824   0.01005   0.05015        30        96 0.0009716    0.1771 0.0005044 6.406e-05    0.1539  0.001795    0.0278
     18/49     1.07G    0.0381  0.001885   0.01066   0.05064        33        96   0.01336    0.2882  0.009162  0.001289    0.1548  0.001587   0.02591
     19/49     1.07G   0.04084  0.001938  0.009959   0.05273        26        96    0.2559   0.05556  0.004555 0.0006089    0.1526  0.001715   0.02777
     20/49     1.07G   0.03464    0.0019  0.009854   0.04639        25        96  0.001846    0.2847   0.00203 0.0004449    0.1364  0.001787   0.02847
     21/49     1.07G   0.04585  0.001864   0.01168   0.05939        38        96 0.0004978    0.2222 0.0004137  6.55e-05    0.1314  0.001983   0.02967
     22/49     1.07G   0.03655  0.001905  0.009758   0.04821        34        96 0.0006497   0.07292 0.0001718 7.928e-05    0.1548  0.001706   0.02804
     23/49     1.07G   0.05151  0.001971   0.01167   0.06515        30        96  0.001353    0.1528 0.0003976 6.175e-05    0.1661   0.08331   0.07442
     24/49     1.07G   0.04385  0.002058   0.01132   0.05723        37        96   0.00108    0.1215 0.0003255 5.429e-05    0.1652   0.01447   0.03281
     25/49     1.07G   0.03784  0.002049  0.009573   0.04946        31        96    0.2515   0.03125 0.0004027 6.013e-05    0.1612  0.004633   0.03039
     26/49     1.07G   0.04667  0.002133   0.01233   0.06114        48        96    0.2513   0.03125 0.0006006 9.974e-05    0.1509    0.0016   0.02632
     27/49     1.07G   0.05239  0.002077   0.01398   0.06844        29        96   0.00116    0.1771 0.0007357 0.0001285    0.1484  0.001524   0.03208
     28/49     1.07G   0.03708  0.001925    0.0105    0.0495        35        96  0.001095    0.2569 0.0005732 0.0001466    0.1521  0.001419   0.04372
     29/49     1.07G   0.04387  0.002088   0.01111   0.05707        28        96  0.001687    0.2882  0.001227 0.0002958    0.1594  0.001546     0.051
     30/49     1.07G   0.04142  0.001962   0.01047   0.05385        17        96  0.001552    0.2083  0.001032 0.0001372    0.1476  0.001795    0.0315
     31/49     1.07G   0.04079  0.001891   0.01017   0.05285        30        96 0.0006751    0.1007  0.000462 8.013e-05      0.15  0.001771   0.03898
     32/49     1.07G   0.04414  0.002031   0.01096   0.05714        31        96    0.5052   0.03125  0.002948 0.0005612    0.1461  0.001924   0.02915
     33/49     1.07G   0.04084  0.001854  0.009414   0.05211        42        96   0.02293    0.3889   0.02362  0.004928    0.1417  0.001847   0.02665
     34/49     1.07G   0.04782  0.002058   0.01186   0.06174        26        96   0.02181    0.3924   0.01962  0.003208    0.1436  0.001681   0.02645
     35/49     1.07G   0.03736  0.001919    0.0101   0.04938        37        96  0.008758    0.1493  0.008468   0.00123    0.1389  0.001577   0.03013
     36/49     1.07G   0.05039  0.002022   0.01206   0.06447        35        96    0.5165   0.09375   0.05299  0.006934    0.1443  0.001615   0.02821
     37/49     1.07G    0.0396   0.00191   0.01078   0.05229        45        96    0.2531   0.03125 0.0008699 0.0001589    0.1527  0.001399   0.03521
     38/49     1.07G   0.04093  0.002064   0.01058   0.05358        30        96    0.5343   0.02778  0.005453 0.0005488    0.1491  0.001503   0.02718
     39/49     1.07G   0.04123  0.002146   0.01111   0.05448        28        96     0.253   0.09028  0.002298 0.0004399    0.1449  0.001681   0.02909
     40/49     1.07G   0.04377  0.001979   0.01028   0.05603        37        96    0.5112   0.05903  0.006774  0.001027    0.1416  0.001582   0.03068
     41/49     1.07G   0.03838  0.002088   0.01025   0.05072        26        96  0.004022    0.2569   0.00596 0.0009792    0.1322  0.001637   0.02997
     42/49     1.07G   0.03293  0.002193  0.009766   0.04489        38        96     0.256     0.316   0.01285  0.002399    0.1326  0.001683   0.02859
     43/49     1.07G    0.0628  0.002234   0.01376    0.0788        23        96   0.04862    0.5938   0.03404  0.008201    0.1375  0.001738   0.02746
     44/49     1.07G   0.04794    0.0023   0.01178   0.06202        29        96   0.04702    0.5625   0.05511   0.01036    0.1385  0.001709   0.02712
     45/49     1.07G   0.03904  0.002185  0.009681   0.05091        39        96    0.1567     0.566   0.06058   0.01518    0.1397  0.001645   0.02703
     46/49     1.07G   0.04668  0.002134   0.01228   0.06109        32        96    0.2116     0.566   0.06155   0.01237     0.141  0.001641   0.02593
     47/49     1.07G    0.0521  0.002198   0.01243   0.06673        34        96    0.1614    0.5938   0.07749    0.0162    0.1419  0.001644   0.02695
     48/49     1.07G    0.0398  0.002184   0.01008   0.05206        27        96    0.5668    0.1181    0.1009    0.0208    0.1359  0.001689   0.02465
     49/49     1.07G   0.05354  0.002179   0.01224   0.06796        30        96    0.3064    0.2292    0.1036   0.01717    0.1356  0.001709   0.02504
