      0/29     2.52G   0.04824   0.01388   0.02874   0.09086        25       640    0.1155    0.4872    0.1334     0.081   0.01225  0.005366   0.01102
      1/29     10.1G   0.04217   0.01112   0.02509   0.07838        29       640  0.009478    0.2431  0.008672  0.003126   0.01746  0.005615   0.01066
      2/29     10.1G    0.0433    0.0109   0.02418   0.07837        20       640         0         0         0         0   0.03407     4.615   0.01182
      3/29     10.1G   0.04257    0.0113   0.02238   0.07625        20       640 8.353e-06  0.006211 8.294e-07 4.147e-07   0.03377     7.012     1.191
      4/29     10.1G   0.04004   0.01109   0.02148   0.07261        29       640    0.5034    0.1999   0.04666   0.03465   0.03209   0.08579   0.06143
      5/29     10.1G   0.03493   0.01069   0.02043   0.06604        32       640    0.2207    0.5633   0.09077   0.07826  0.009236  0.002965   0.01043
      6/29     10.1G    0.0383    0.0104   0.02216   0.07086        44       640    0.2233    0.5452   0.09761   0.05142   0.01292  0.003121   0.01047
      7/29     10.1G   0.02808   0.00948   0.01985   0.05741        49       640    0.4257    0.5663    0.1917     0.166  0.004321  0.002141   0.01044
      8/29     10.1G   0.03417  0.009516    0.0223   0.06598        35       640    0.2726    0.5706     0.182    0.1421  0.006151  0.002828    0.0105
      9/29     10.1G   0.03134  0.009066   0.02214   0.06255        30       640    0.1809    0.6925    0.2148    0.1758  0.004653  0.002782   0.01044
     10/29     10.1G   0.03014  0.008906    0.0219   0.06095        23       640    0.1403    0.9388    0.1938    0.1761  0.003264  0.002126   0.01059
     11/29     10.1G   0.03053  0.009018   0.02203   0.06157        23       640     0.144    0.9286    0.2121    0.2007   0.00327  0.002257   0.01055
     12/29     10.1G   0.03033  0.008712     0.022   0.06104        29       640    0.1386     0.889    0.2123    0.1779  0.003864  0.002571   0.01055
     13/29     10.1G   0.02891  0.008511   0.02247   0.05989        31       640    0.1534    0.8453    0.2157    0.1913  0.003647  0.002236   0.01036
     14/29     10.1G   0.02898  0.008351   0.02188   0.05922        35       640    0.1517    0.6001    0.1763    0.1408  0.003135  0.003547   0.01034
     15/29     10.1G    0.0304   0.00855   0.02257   0.06152        25       640    0.1677    0.8602    0.2789    0.2255  0.003746  0.002669   0.01016
     16/29     10.1G    0.0276   0.00805   0.02146   0.05711        38       640    0.2249    0.7734     0.346    0.2882  0.004324  0.002163  0.009993
     17/29     10.1G   0.02817  0.007843   0.02139    0.0574        32       640    0.1493    0.8962    0.2779    0.2275  0.003986  0.002238  0.009991
     18/29     10.1G    0.0277  0.007687   0.02203   0.05742        28       640    0.3692     0.643    0.3059    0.2532   0.00398  0.002263  0.009731
     19/29     10.1G   0.02887  0.007755   0.02189   0.05852        28       640    0.1974    0.8908    0.3309    0.2823  0.003296  0.002169  0.009744
     20/29     10.1G    0.0258   0.00765   0.02155     0.055        33       640    0.1569    0.8761    0.2856    0.2377  0.003552  0.002234   0.01015
     21/29     10.1G   0.02698  0.007655   0.02177   0.05641        33       640    0.1642    0.9276    0.3316    0.2588  0.004391  0.002366  0.009513
     22/29     10.1G   0.02579  0.007821   0.02161   0.05522        23       640     0.157    0.9551    0.3448    0.3167  0.002898  0.002031  0.009349
     23/29     10.1G   0.02534   0.00745   0.02106   0.05385        35       640    0.1909    0.9388    0.3906    0.3461  0.003916  0.001951   0.00964
     24/29     10.1G   0.02543  0.007526    0.0217   0.05465        33       640    0.3512    0.6118    0.3027    0.2445  0.003962  0.002305  0.009815
     25/29     10.1G   0.02519  0.007536   0.02149   0.05421        24       640    0.3754    0.6018    0.3688    0.3116  0.003479  0.002227  0.009115
     26/29     10.1G   0.02508  0.007299   0.02183   0.05422        30       640    0.2263    0.8276     0.388    0.3252  0.003542  0.002063  0.008962
     27/29     10.1G   0.02769  0.007443   0.02257    0.0577        19       640     0.583    0.5259     0.366    0.3265  0.003737  0.001989   0.00952
     28/29     10.1G    0.0248  0.007648   0.02139   0.05384        30       640    0.1831    0.9347    0.4096    0.3691  0.003593  0.002052  0.009147
     29/29     10.1G   0.02216  0.007147   0.02086   0.05017        25       640    0.2164    0.8786    0.4233    0.3895  0.003305  0.001859  0.008861
