      0/29     2.07G   0.04751   0.01428    0.0279   0.08969        25       640   0.03264    0.1354    0.0171  0.005469   0.02739  0.004181   0.01146
      1/29     10.1G   0.03992   0.01152   0.02437    0.0758        29       640  0.001079    0.2061 0.0002721 0.0001115   0.03555    0.2254   0.01345
      2/29     10.1G    0.0391   0.01068   0.02214   0.07192        20       640  0.005608    0.2512  0.005315  0.002489   0.01249   0.00376   0.01084
      3/29     10.1G   0.03984   0.01056   0.02188   0.07228        20       640         0         0         0         0   0.03376    0.2677   0.05123
      4/29     10.1G   0.03152   0.01066   0.01805   0.06022        29       640    0.3819    0.2429   0.09959   0.03114   0.02183   0.00298   0.01053
      5/29     10.1G   0.02894   0.00941   0.01767   0.05602        32       640    0.2535    0.3672    0.1412    0.1154  0.009938  0.003246   0.01046
      6/29     10.1G   0.03158  0.009399   0.01875   0.05973        44       640    0.1639   0.07857   0.01121  0.003848   0.02555  0.003104   0.01087
      7/29     10.1G   0.01908  0.008746   0.01576   0.04359        49       640     0.111    0.8255    0.1847    0.1664  0.004836  0.002466   0.01055
      8/29     10.1G   0.01998  0.008555   0.01598   0.04452        35       640     0.427    0.5665    0.1894    0.1804  0.003305  0.002534   0.01053
      9/29     10.1G   0.01848  0.008341   0.01604   0.04285        30       640    0.1502    0.8277    0.1946    0.1444  0.004744  0.002456   0.01048
     10/29     10.1G   0.01864  0.008452   0.01657   0.04366        23       640    0.3101     0.582    0.2104    0.1494  0.007966  0.002448   0.01059
     11/29     10.1G   0.02059  0.008339   0.01825   0.04717        23       640    0.1483    0.8939     0.203    0.1818  0.003743  0.002453   0.01053
     12/29     10.1G   0.02132  0.008187   0.01794   0.04745        29       640    0.2263    0.5341    0.1178   0.06817  0.009236   0.00335   0.01064
     13/29     10.1G   0.02048  0.008341   0.01751   0.04633        31       640    0.2643    0.6975    0.1924    0.1412  0.005136  0.002408   0.01035
     14/29     10.1G   0.02065  0.008126   0.01804   0.04681        35       640    0.2004     0.774    0.2643    0.2269  0.004534  0.002339   0.01029
     15/29     10.1G   0.01928  0.007752   0.01721   0.04425        25       640    0.1546    0.8734    0.2826    0.2508  0.003371  0.002101   0.01002
     16/29     10.1G   0.01778  0.007388   0.01753    0.0427        38       640    0.1541    0.9102    0.3121     0.269  0.002959  0.001996   0.00978
     17/29     10.1G   0.01849  0.007062   0.01783   0.04338        32       640      0.17    0.8142    0.3103    0.2742  0.002487  0.002214  0.009913
     18/29     10.1G   0.01883  0.006983   0.01689    0.0427        28       640    0.1375    0.7501     0.261    0.2182  0.003376  0.002518  0.009755
     19/29     10.1G   0.01902  0.007148   0.01714   0.04331        28       640    0.2071    0.8933    0.3821    0.3459  0.003009  0.002096   0.00951
     20/29     10.1G   0.01662  0.006836   0.01635    0.0398        33       640    0.3058     0.655    0.3138     0.272  0.002861  0.002028  0.009541
     21/29     10.1G   0.01697  0.006709   0.01692    0.0406        33       640     0.196    0.8862    0.3501     0.317   0.00282  0.001685   0.00967
     22/29     10.1G   0.01728  0.006742   0.01689   0.04091        23       640    0.1812     0.955    0.3891    0.3557  0.002589  0.001742  0.009533
     23/29     10.1G   0.01814  0.006479   0.01721   0.04182        35       640    0.1975    0.9378    0.3622    0.3358  0.002842  0.001734  0.009915
     24/29     10.1G   0.01575  0.006493   0.01601   0.03826        33       640    0.1791    0.8142    0.3425    0.2906  0.003072  0.002222  0.009372
     25/29     10.1G   0.01666  0.006419   0.01669   0.03976        24       640    0.2265    0.8153     0.424     0.405  0.002569  0.001743  0.008881
     26/29     10.1G   0.01635  0.006264   0.01641   0.03903        30       640    0.1669     0.971    0.4176    0.3907  0.002562  0.001772  0.008734
     27/29     10.1G   0.01869  0.006332   0.01693   0.04195        19       640    0.1903    0.8965    0.4088    0.3717  0.003072  0.001944  0.009578
     28/29     10.1G   0.01709  0.006475   0.01665   0.04021        30       640    0.2299    0.8118     0.444     0.411  0.002809  0.001984  0.008811
     29/29     10.1G   0.01622  0.006194   0.01663   0.03904        25       640    0.2609    0.8327    0.4915    0.4386  0.003328  0.001923  0.008516
