      0/49      3.2G   0.08234  0.005553   0.02675    0.1146        33       320   0.03435    0.0625   0.01015  0.002265    0.1184  0.006066   0.03007
      1/49     3.18G   0.07717  0.005504   0.02571    0.1084        20       320  0.002178   0.03125  0.001411 0.0002443    0.1126   0.00638    0.0271
      2/49     3.95G   0.07061  0.005986   0.02487    0.1015        29       320   0.01275    0.1354  0.005855  0.001319    0.1079  0.006318   0.02906
      3/49     3.95G   0.06693  0.006159   0.02395   0.09704        39       320  0.008702    0.3229    0.0089   0.00204    0.1061   0.00585    0.0259
      4/49     3.95G   0.06319  0.006444   0.02308   0.09272        36       320   0.02541    0.2222   0.02677  0.006074    0.1001  0.005802   0.02365
      5/49     3.98G   0.06163  0.006426   0.02214   0.09019        32       320    0.3864    0.2674    0.1108    0.0301   0.09506  0.005905    0.0233
      6/49     3.98G   0.05944   0.00652   0.02096   0.08692        33       320    0.3449    0.1647    0.1528   0.04016   0.09465  0.005797   0.02435
      7/49     3.98G   0.05825  0.006037   0.02059   0.08488        32       320   0.04512      0.25   0.03754  0.008271    0.1023  0.005447   0.02553
      8/49     3.98G   0.05693  0.006173   0.01978   0.08288        39       320    0.3922    0.1273    0.1328   0.03046    0.1098  0.004755   0.02525
      9/49     3.98G   0.05106   0.00584   0.01646   0.07336        33       320    0.2541    0.4906    0.2436   0.09538    0.1075  0.004289   0.02461
     10/49     3.98G    0.0512  0.005448    0.0165   0.07315        38       320    0.2747    0.2642     0.214   0.04828    0.1076  0.004371   0.02399
     11/49     3.98G   0.06632  0.005422   0.02046   0.09219        30       320   0.00317   0.02778  0.002081  0.000383    0.1153  0.004247    0.0283
     12/49     3.98G   0.06272  0.004671   0.01857   0.08597        31       320   0.07059   0.05556   0.02061  0.002082    0.1113  0.004756   0.02799
     13/49     3.98G   0.07081  0.004552   0.02301   0.09837        29       320         0         0         0         0    0.1467      0.68   0.07568
     14/49     3.98G   0.05226  0.005032   0.01741    0.0747        51       320         0         0         0         0    0.1226  0.006344   0.02808
     15/49     3.98G   0.05319  0.005121   0.01854   0.07686        34       320         0         0         0         0    0.1264  0.004002   0.03105
     16/49     3.98G   0.05146   0.00503   0.01809   0.07458        25       320 6.488e-05   0.08333 2.371e-05 3.544e-06    0.1219  0.004867    0.1555
     17/49     3.98G   0.05598  0.005187   0.01869   0.07986        33       320  0.001921   0.06944   0.00146 0.0002076    0.1286   0.01579    0.6275
     18/49     3.98G   0.04649  0.005516   0.01846   0.07047        36       320 0.0009611   0.05903 0.0001737 3.643e-05    0.1273   0.03577    0.1227
     19/49     3.98G   0.04795   0.00524   0.01757   0.07075        27       320 8.991e-05   0.08333 3.043e-05 6.858e-06    0.1276     0.217   0.05292
     20/49     3.98G   0.04851  0.005247   0.01701   0.07076        24       320         0         0         0         0    0.1245   0.05665    0.1004
     21/49     3.98G   0.04407  0.005086   0.01668   0.06584        33       320 0.0003181   0.09028 7.319e-05 8.589e-06    0.1075  0.005133   0.02891
     22/49     3.98G   0.04752  0.005219   0.01659   0.06934        43       320    0.2503   0.04167 8.878e-05 8.878e-06    0.1564   0.09085    0.2747
     23/49     3.98G   0.04434  0.005359   0.01666   0.06636        30       320  0.001038   0.04167 0.0004535 9.061e-05    0.1216  0.004742    0.0291
     24/49     3.98G   0.04724   0.00527   0.01685   0.06936        30       320 0.0002727    0.2188  0.001137 0.0002084    0.1209  0.004253   0.02587
     25/49     3.98G   0.04142  0.005585   0.01614   0.06315        19       320  0.001533    0.4132  0.002148 0.0003543    0.1137  0.004864   0.02555
     26/49     3.98G   0.04004  0.005924    0.0156   0.06156        47       320  0.000764    0.3472  0.002972 0.0006919     0.109  0.005196   0.02531
     27/49     3.98G   0.03953  0.005712   0.01523   0.06047        35       320   0.01992    0.2326   0.02975   0.01013    0.1042  0.005353   0.02467
     28/49     3.98G   0.03916  0.005583   0.01528   0.06002        26       320    0.5635    0.0625   0.08129   0.02303    0.1055  0.005324   0.02448
     29/49     3.98G   0.03812  0.006002   0.01467   0.05878        28       320    0.8122    0.1348      0.12   0.03378    0.1063  0.005203   0.02478
     30/49     3.98G   0.04041  0.006224   0.01452   0.06115        46       320    0.5999     0.125    0.1492   0.03946    0.1061  0.005227   0.02475
     31/49     3.98G   0.03805  0.005923   0.01441   0.05838        34       320    0.6092    0.1562    0.1849   0.05263   0.09834  0.005444   0.02335
     32/49     3.98G   0.04344  0.005664   0.01574   0.06484        49       320  0.004429     0.125  0.008351   0.00219    0.1042  0.005225   0.04385
     33/49     3.98G   0.04043   0.00567   0.01499   0.06108        31       320  0.001752    0.2326   0.00133 0.0001711    0.1123  0.005059    0.1644
     34/49     3.98G   0.03935  0.005751   0.01435   0.05945        26       320   0.00793    0.1042  0.005766  0.001129    0.1108  0.005569    0.1925
     35/49     3.98G   0.03798  0.006303   0.01417   0.05846        34       320    0.2738    0.1562   0.05586   0.01332   0.09931  0.005593   0.03114
     36/49     3.98G   0.03736  0.006036   0.01377   0.05717        32       320    0.5831    0.1875    0.1256   0.03409     0.102  0.005545    0.0236
     37/49     3.98G   0.03663  0.006334   0.01353   0.05649        34       320    0.6074    0.1562    0.1492   0.04152    0.1009  0.005459   0.02221
     38/49     3.98G   0.03694  0.005888   0.01324   0.05606        40       320     0.369    0.3138    0.1875   0.04771    0.1002  0.005325   0.02186
     39/49     3.98G   0.03867  0.005981    0.0132   0.05785        34       320    0.1539    0.6389    0.2563   0.07254    0.1004  0.005192   0.02165
     40/49     3.98G   0.03494  0.006298   0.01277   0.05401        25       320    0.7169    0.3229    0.3217   0.08642   0.09793  0.005346   0.02032
     41/49     3.98G   0.03409  0.006336   0.01251   0.05294        38       320    0.3945    0.4167    0.1503   0.04379   0.09994  0.005119   0.02092
     42/49     3.98G   0.03471  0.006289   0.01215   0.05315        37       320    0.5011    0.4028    0.2812   0.08202   0.09963  0.005098   0.02012
     43/49     3.98G   0.03407  0.005661   0.01228   0.05201        27       320    0.4905    0.4697    0.3479    0.1021    0.0995  0.005024   0.01963
     44/49     3.98G   0.03394  0.006068   0.01176   0.05176        33       320    0.2561    0.4306    0.3603    0.1303    0.0965  0.005249   0.01957
     45/49     3.98G   0.03345   0.00645   0.01178   0.05168        35       320    0.1471    0.4549    0.2508   0.09504   0.09859  0.005128   0.01943
     46/49     3.98G   0.03273   0.00617   0.01149   0.05039        31       320    0.2197    0.3889    0.2523   0.09324   0.09928  0.005048   0.01961
     47/49     3.98G   0.03219  0.006359    0.0115   0.05005        36       320    0.2201    0.4722    0.2996    0.1197   0.09403  0.005155    0.0191
     48/49     3.98G   0.03209  0.006487   0.01096   0.04954        29       320    0.2301    0.5139    0.3318    0.1365   0.09249  0.005204   0.01918
     49/49     3.98G   0.03145  0.006025   0.01047   0.04794        24       320    0.1438    0.5208    0.2957    0.1281   0.09386  0.005153   0.01906
