      0/49     3.19G   0.08229  0.005548   0.02667    0.1145        33       320  0.001758    0.2292 0.0008961 0.0001251    0.1182  0.006067   0.03031
      1/49     3.17G   0.07678  0.005535   0.02577    0.1081        20       320  0.003633   0.05903  0.002155 0.0003881    0.1142  0.006224   0.02803
      2/49     3.95G   0.07147  0.006009   0.02482    0.1023        29       320    0.7793   0.02778  0.009184  0.001094    0.1036  0.006292   0.02717
      3/49     3.95G   0.06704  0.006271   0.02385   0.09715        39       320   0.02354   0.08333    0.0147  0.002041   0.09313  0.006917   0.02678
      4/49     3.95G   0.06373  0.006304   0.02271   0.09275        36       320   0.03427    0.2535   0.03507  0.005287   0.08848  0.006729   0.02556
      5/49     3.97G   0.06035  0.006304   0.02187   0.08853        32       320     0.367   0.09375   0.08477   0.01628   0.08458  0.006947   0.02601
      6/49     3.97G   0.05664  0.006338   0.02088   0.08385        33       320    0.5835    0.3186    0.2718    0.1047   0.09009  0.005996   0.02447
      7/49     3.97G   0.05665  0.006096   0.01947   0.08222        32       320    0.2734    0.4201    0.2982   0.08314   0.09541  0.005331   0.02366
      8/49     3.97G   0.05512  0.006067   0.01833   0.07952        39       320    0.3033    0.5729    0.3972    0.1345   0.09414  0.005698   0.02497
      9/49     3.97G   0.05538  0.005421   0.01823   0.07903        33       320    0.3883    0.3174     0.261   0.09062    0.1053  0.004563   0.02444
     10/49     3.97G   0.05847  0.005201   0.01861   0.08228        38       320   0.01452   0.08333  0.009952  0.002877    0.1032   0.00511   0.02863
     11/49     3.97G   0.06571  0.005181   0.02158   0.09247        30       320         0         0         0         0    0.1357   0.01335   0.03021
     12/49     3.97G   0.06221  0.004903   0.01968    0.0868        31       320         0         0         0         0    0.1194   0.01069   0.03095
     13/49     3.97G   0.05982   0.00503   0.02041   0.08526        29       320  0.001199   0.09722 0.0004994 0.0001298    0.1185  0.004336   0.03585
     14/49     3.97G   0.05107  0.005423    0.0181   0.07459        51       320 0.0001539    0.1111 0.0001084 1.512e-05    0.1323     10.74     1.386
     15/49     3.98G   0.05769   0.00509   0.01949   0.08227        34       320    0.2511   0.02778 0.0002719 3.743e-05    0.1296    0.7505    0.1828
     16/49     3.98G   0.05289  0.004883   0.01806   0.07583        25       320         0         0         0         0    0.1314     104.5     11.15
     17/49     3.98G    0.0528  0.005226   0.01829   0.07631        33       320         0         0         0         0       nan       nan       nan
     18/49     3.98G    0.0548  0.005317   0.01946   0.07958        36       320         0         0         0         0    0.1426     2.495     2.433
     19/49     3.98G   0.06076  0.004844   0.01964   0.08524        27       320 0.0002037   0.02778 4.307e-05 4.307e-06    0.1287  0.006627     0.651
     20/49     3.98G   0.05789  0.005105   0.01841    0.0814        24       320         0         0         0         0       nan       nan       nan
     21/49     3.98G   0.06504  0.005109   0.02113   0.09128        33       320         0         0         0         0    0.1436   0.01921     1.386
     22/49     3.98G   0.06961  0.005266   0.02338   0.09825        43       320  0.000179    0.0625 4.609e-05 8.134e-06    0.1161  0.004114    0.1424
     23/49     3.98G   0.05199  0.005343   0.01861   0.07594        30       320 0.0004106   0.05903 0.0001056 2.119e-05    0.1214   0.00364    0.8421
     24/49     3.98G   0.05671  0.005177   0.01867   0.08056        30       320  0.004329    0.1354  0.001132 0.0004084    0.1278   0.01352     1.081
     25/49     3.98G   0.05597   0.00523   0.01966   0.08086        19       320         0         0         0         0    0.1141   0.00425   0.06888
     26/49     3.98G   0.05024  0.005405    0.0182   0.07384        47       320         0         0         0         0    0.1117  0.004781   0.03742
     27/49     3.98G   0.06118  0.005134   0.02235   0.08866        35       320 0.0008445    0.2361 0.0006895 0.0001903   0.09976  0.005784   0.03412
     28/49     3.98G   0.06183  0.004965   0.02335   0.09015        26       320 0.0001528    0.0625 0.0001123 1.477e-05    0.1015  0.005346   0.03688
     29/49     3.98G   0.06352  0.005055   0.02327   0.09184        28       320  0.003493    0.3507  0.006623  0.001358    0.1074  0.004652   0.06837
     30/49     3.98G   0.06524   0.00547   0.02428     0.095        46       320    0.0039    0.3854  0.009207  0.002602    0.1078   0.00474   0.06912
     31/49     3.98G   0.06468  0.005138   0.02488    0.0947        34       320 0.0008333    0.3229  0.001256 0.0001885    0.1015  0.005612   0.03208
     32/49     3.98G   0.05848  0.005624   0.02213   0.08623        49       320 0.0005256    0.1806 0.0004251  6.57e-05    0.1035  0.005456   0.03056
     33/49     3.98G   0.06627  0.005527   0.02332   0.09511        31       320 0.0007187    0.2257 0.0006055 0.0001217    0.1006  0.005762   0.02646
     34/49     3.98G   0.06126  0.005759   0.02391   0.09092        26       320  0.001855    0.4965  0.002136 0.0004382   0.09169  0.006611   0.02453
     35/49     3.98G   0.06153  0.006105   0.02163   0.08926        34       320  0.001871    0.5694  0.002504 0.0004807   0.09589  0.006261    0.0244
     36/49     3.98G   0.05602  0.005834   0.02025    0.0821        32       320  0.001363    0.4792  0.001687 0.0003733   0.09678  0.006099   0.02442
     37/49     3.98G   0.05687  0.006292   0.02215   0.08531        34       320  0.001286    0.4965  0.002456 0.0004692   0.09667  0.006227   0.02448
     38/49     3.98G   0.06047  0.005991    0.0217   0.08816        40       320  0.001429    0.5556  0.002931 0.0005725   0.09575  0.006267   0.02458
     39/49     3.98G   0.05472  0.006254   0.01893    0.0799        34       320  0.001207    0.4965  0.003002 0.0005541   0.09143  0.006707   0.02438
     40/49     3.98G   0.05857  0.006448   0.02116   0.08618        25       320    0.7519   0.04167  0.004809 0.0009173   0.09282  0.006537   0.02419
     41/49     3.98G   0.05213  0.006482   0.02045   0.07906        38       320    0.2519    0.1679  0.004497 0.0009139    0.0951  0.006313   0.02388
     42/49     3.98G   0.05334  0.006198   0.01903   0.07857        37       320 0.0005392    0.0625 0.0002167 5.049e-05    0.1225  0.004797    0.1556
     43/49     3.98G   0.05443  0.005811   0.02051   0.08075        27       320 0.0004461    0.1701 0.0003587 4.898e-05    0.1206  0.005032    0.1485
     44/49     3.98G   0.05624   0.00624   0.02003   0.08251        33       320 0.0004326    0.1736 0.0003179 5.045e-05    0.1182   0.00491    0.1179
     45/49     3.98G    0.0568  0.006489   0.01967   0.08296        35       320    0.7569   0.04167  0.006242  0.001485    0.1164   0.00475   0.07351
     46/49     3.98G   0.05389  0.006232    0.0186   0.07872        31       320    0.5041   0.08333  0.004634 0.0008065    0.1083  0.005315   0.04064
     47/49     3.98G   0.04912  0.006427   0.01796   0.07351        36       320  0.004112    0.4201  0.005612  0.001188    0.1044  0.005577   0.03104
     48/49     3.98G   0.04693  0.006797   0.01691   0.07063        29       320  0.003566    0.4618  0.005155  0.001077    0.1015  0.005827   0.02871
     49/49     3.98G   0.05316  0.006394   0.01828   0.07783        24       320  0.003688    0.5729  0.005787  0.001095   0.09919   0.00598   0.02559
