      0/29     12.2G   0.07509   0.01459   0.02555    0.1152        34       640  0.003977   0.08681  0.001133 0.0001923    0.1229   0.01281   0.02985
      1/29     12.3G     0.066   0.01182   0.02456    0.1024        31       640   0.00853   0.08681  0.005161  0.001251    0.1077   0.01109   0.02868
      2/29     10.5G   0.06115     0.011   0.02373   0.09587        32       640   0.02885    0.2882   0.02377  0.004902   0.08605   0.01026   0.02564
      3/29     10.5G   0.05601   0.01012   0.02207    0.0882        24       640   0.08077    0.2639    0.1016    0.0313   0.09044  0.009426   0.02511
      4/29     10.5G   0.05439  0.009816   0.02153   0.08574        35       640    0.1028    0.2222    0.1167   0.02793   0.08535  0.009225   0.02491
      5/29     10.5G   0.05559  0.008945   0.02119   0.08572        14       640    0.1917    0.2535    0.2662   0.05282   0.07685  0.008976   0.02136
      6/29     10.5G   0.05436  0.009059   0.02058   0.08401        30       640    0.1514    0.5486    0.2548   0.05702   0.09665  0.008279   0.02168
      7/29     10.5G   0.04867  0.008575   0.01707   0.07431        33       640    0.3024    0.7113    0.4195    0.1013   0.08126  0.008569   0.01978
      8/29     10.5G    0.0534  0.008667   0.01782    0.0799        30       640     0.364    0.6789    0.4395    0.1179   0.09098  0.007748     0.018
      9/29     10.5G      0.05  0.007889   0.01772   0.07561        39       640    0.7008    0.4028    0.4264    0.1526   0.05245  0.009309   0.01726
     10/29     10.5G   0.05191  0.007712   0.01912   0.07874        21       640    0.3735    0.5434    0.4646    0.1654   0.06993  0.007895   0.01882
     11/29     10.5G   0.05418  0.007943   0.01825   0.08038        33       640    0.3439    0.9132    0.6717    0.2093   0.06044  0.007059   0.01617
     12/29     10.5G   0.04489  0.007014   0.01581   0.06772        39       640    0.4287    0.3229    0.2907    0.1135   0.07948  0.008149   0.02251
     13/29     10.5G   0.05543  0.006972    0.0173    0.0797        28       640    0.2791    0.7986    0.4628    0.1714   0.08016  0.007844   0.01774
     14/29     10.5G   0.04964  0.006673   0.01591   0.07223        32       640    0.5465     0.625    0.5982    0.1977   0.08248  0.007787   0.01987
     15/29     10.5G   0.05211  0.006904   0.01712   0.07613        42       640    0.6341    0.7986     0.741    0.3813   0.07607  0.006933   0.01783
     16/29     10.5G   0.04857  0.006556   0.01622   0.07135        26       640    0.3156    0.6424    0.4507    0.2609   0.07653  0.007894   0.01795
     17/29     10.5G   0.05041  0.006337   0.01424   0.07098        29       640    0.7862     0.942     0.865    0.3559    0.0776  0.006245   0.01413
     18/29     10.5G   0.05098  0.006123   0.01388   0.07098        39       640    0.7696    0.9283    0.9321    0.3691   0.06815  0.006366   0.01327
     19/29     10.5G     0.044  0.006132   0.01441   0.06454        41       640    0.8076    0.9132    0.9134    0.3632   0.07137  0.005961    0.0132
     20/29     10.5G   0.04879   0.00625   0.01401   0.06905        19       640    0.8192         1    0.9781    0.4409   0.07452  0.005976   0.01374
     21/29     10.5G   0.05385  0.006098   0.01422   0.07416        28       640    0.9408    0.9995    0.9895    0.4697   0.07211     0.006   0.01192
     22/29     10.5G   0.04331   0.00586   0.01261   0.06178        31       640    0.7799         1    0.9527    0.4486   0.06873  0.005847    0.0104
     23/29     10.5G   0.03827  0.005806   0.01039   0.05447        45       640    0.8749     0.956     0.978    0.4964     0.063  0.006083   0.01029
     24/29     10.5G   0.04241  0.005416   0.01243   0.06025        28       640    0.9667     0.943    0.9882    0.4657    0.0619  0.006019   0.01018
     25/29     10.5G   0.04457  0.005587   0.01236   0.06251        20       640    0.9292    0.9994    0.9896    0.5839   0.05962  0.005926   0.01014
     26/29     10.5G   0.04767   0.00555   0.01141   0.06463        30       640    0.9448         1    0.9951    0.5539   0.05486   0.00611   0.01044
     27/29     10.5G   0.05001  0.005135   0.01251   0.06765        29       640    0.9725    0.9611    0.9699    0.5867   0.05841  0.006107   0.01103
     28/29     10.5G   0.04592  0.005472   0.01212   0.06351        38       640    0.9188         1    0.9951    0.4415   0.05582  0.006127   0.01052
     29/29     10.5G   0.04134  0.005289    0.0105   0.05713        34       640    0.9217    0.9686     0.989    0.5846   0.05009  0.005974  0.009865
