      0/29     1.88G    0.0465   0.01384   0.02748   0.08782        25       640   0.09612    0.4603    0.1339   0.08723   0.01104   0.00439   0.01087
      1/29       10G   0.03724   0.01047   0.02397   0.07168        29       640   0.09756    0.5451     0.161   0.09226   0.01973  0.002975   0.01048
      2/29     10.1G   0.04014  0.009968    0.0242   0.07431        20       640   0.04846     0.301   0.02105   0.01014   0.01697   0.00924   0.01065
      3/29     10.1G   0.04489   0.01104   0.02348   0.07942        20       640 0.0001193   0.02265 8.975e-06 3.006e-06   0.03087   0.09664   0.01214
      4/29     10.1G   0.04228   0.01136   0.02194   0.07558        29       640   0.09695    0.4002    0.1138   0.06479   0.01616  0.003085   0.01033
      5/29     10.1G   0.03628   0.01058   0.01954    0.0664        32       640   0.02198      0.61   0.03097   0.01487    0.0324   0.01114   0.05811
      6/29     10.1G   0.03514   0.01018   0.01898    0.0643        44       640    0.1253    0.7145    0.1729    0.1241   0.01182  0.003374   0.01041
      7/29     10.1G   0.03104   0.00972   0.01965   0.06041        49       640    0.1286    0.6071    0.1794    0.1237  0.006493  0.003689   0.01041
      8/29     10.1G   0.03272  0.009958   0.01932     0.062        35       640    0.0702    0.4827    0.1103   0.05721   0.01427  0.004036   0.01054
      9/29     10.1G    0.0303   0.00977   0.01995   0.06002        30       640    0.2005    0.6995    0.2181    0.1511  0.008558   0.00367   0.01038
     10/29     10.1G    0.0267  0.009111   0.01854   0.05435        23       640    0.3136     0.486    0.1896    0.1194  0.004859  0.003437   0.01048
     11/29     10.1G   0.02988   0.00913    0.0207   0.05971        23       640    0.1173    0.8632    0.1926    0.1661  0.004577  0.003594   0.01044
     12/29     10.1G   0.02854  0.009476   0.02088    0.0589        29       640    0.1628    0.8156    0.2113    0.1721  0.006048  0.003672    0.0104
     13/29     10.1G   0.02995  0.008857   0.02103   0.05983        31       640    0.1899    0.7435    0.2329    0.2126  0.003162  0.003181   0.01036
     14/29     10.1G   0.02852  0.008526   0.02083   0.05788        35       640    0.1561    0.6925    0.2173    0.1701  0.004877  0.003421   0.01027
     15/29     10.1G   0.02818   0.00836   0.02095   0.05749        25       640    0.1524    0.8138    0.2579    0.2071   0.00423  0.002671   0.01027
     16/29     10.1G   0.02474  0.007993   0.02086    0.0536        38       640     0.197    0.7847     0.281    0.2429  0.003734  0.002293   0.01021
     17/29     10.1G   0.02477  0.008377   0.02108   0.05422        32       640     0.193    0.7578    0.2864    0.2477  0.005543  0.003156   0.01017
     18/29     10.1G   0.02689   0.00824   0.02104   0.05616        28       640    0.2121     0.874    0.3032    0.2461   0.00548  0.002694   0.01029
     19/29     10.1G   0.02628  0.008219   0.02143   0.05592        28       640    0.1848    0.7887    0.3143     0.261  0.004743  0.002779  0.009968
     20/29     10.1G   0.02262  0.007995    0.0202   0.05081        33       640    0.1687    0.7591    0.2951    0.2407  0.004126  0.002938  0.009898
     21/29     10.1G   0.02204  0.007771   0.02046   0.05027        33       640    0.1988    0.9285    0.3502    0.2863  0.004124  0.002302  0.009946
     22/29     10.1G   0.02171  0.007812   0.02015   0.04968        23       640    0.2281    0.9347    0.3735    0.3328  0.003304   0.00238  0.009802
     23/29     10.1G   0.02153  0.007425   0.02081   0.04977        35       640    0.2367    0.9251    0.3803    0.3447  0.003021  0.002005  0.009824
     24/29     10.1G   0.02125  0.007488   0.02054   0.04928        33       640    0.2193    0.8857    0.3476    0.2974  0.003201  0.002547  0.009822
     25/29     10.1G   0.01921  0.007378   0.02055   0.04713        24       640    0.2315    0.9376     0.379     0.326  0.003063  0.002587  0.009526
     26/29     10.1G    0.0186   0.00716   0.02001   0.04577        30       640     0.255    0.8754    0.3952    0.3477  0.003189  0.002365  0.009637
     27/29     10.1G   0.01946   0.00726    0.0204   0.04711        19       640    0.1935     0.906    0.3687    0.3186  0.003257  0.002285  0.009689
     28/29     10.1G   0.01886   0.00735   0.02059   0.04679        30       640    0.2401    0.8949    0.3804    0.3377  0.002966  0.002212  0.009518
     29/29     10.1G   0.01779  0.006972   0.02031   0.04507        25       640    0.2197    0.8707    0.3825    0.3385  0.002962  0.002096  0.009479
