      0/49     3.06G   0.08227  0.005554   0.02673    0.1146        33       320   0.02207   0.03125  0.004253 0.0007687    0.1181  0.006087   0.03022
      1/49     3.04G   0.07707  0.005515    0.0257    0.1083        20       320  0.002377    0.1285 0.0008777 0.0001716    0.1115  0.006358   0.02796
      2/49     3.82G   0.07042  0.006041   0.02472    0.1012        29       320   0.01913   0.09375   0.01179  0.001843     0.103   0.00643   0.02664
      3/49     3.82G   0.06561  0.006379   0.02371    0.0957        39       320    0.2736    0.0625   0.01494  0.002463   0.09927  0.006374   0.02637
      4/49     3.82G    0.0632  0.006466   0.02298   0.09265        36       320    0.2928     0.125    0.0455   0.01585    0.0974  0.006229   0.02389
      5/49     3.84G   0.06111  0.006568   0.02208   0.08975        32       320    0.0247    0.1007   0.02039  0.003768     0.102  0.005624   0.02527
      6/49     3.84G   0.05793  0.006532   0.02112   0.08557        33       320    0.1297    0.4358    0.1696   0.04418   0.09853  0.005462   0.02461
      7/49     3.84G   0.05795  0.006019   0.02029   0.08425        32       320    0.5131   0.03125  0.005388 0.0006576    0.1144  0.004809   0.02734
      8/49     3.84G   0.06177  0.005971   0.02131   0.08906        39       320  0.003212      0.25  0.002944 0.0007954    0.1077  0.005313   0.02371
      9/49     3.84G   0.05374  0.005395   0.01848   0.07762        33       320  0.003468     0.125   0.00197 0.0003684    0.1393  0.003086   0.03133
     10/49     3.84G   0.04877  0.005414   0.01754   0.07172        38       320  0.001115    0.1944 0.0007848 0.0001915    0.1229  0.004451   0.02872
     11/49     3.84G   0.05264  0.005554   0.01742   0.07562        30       320    0.0767    0.1701   0.05792  0.006899    0.1091  0.005251   0.02638
     12/49     3.84G   0.05346  0.005236   0.01821    0.0769        31       320         0         0         0         0     0.132  0.003028      0.03
     13/49     3.84G    0.0443  0.005448   0.01642   0.06617        29       320         0         0         0         0    0.1272   0.00458   0.02982
     14/49     3.84G   0.05428   0.00565    0.0187   0.07863        51       320 0.0002025   0.02778 2.715e-05 8.144e-06    0.1212  0.004057   0.03423
     15/49     3.84G   0.04532  0.005594   0.01631   0.06723        34       320   0.02863    0.1458   0.03392  0.007798     0.115  0.004452   0.02603
     16/49     3.84G   0.03899  0.005865   0.01482   0.05968        25       320    0.1262    0.3518    0.1007   0.01954    0.1086  0.004962   0.02317
     17/49     3.84G   0.04297  0.006271   0.01556    0.0648        33       320  0.005612      0.25  0.006752   0.00174    0.1081  0.005078    0.0255
     18/49     3.84G   0.04123  0.006204   0.01537    0.0628        36       320    0.2594   0.08333    0.0045 0.0009731    0.1144  0.004335    0.0275
     19/49     3.84G    0.0374  0.006003   0.01444   0.05784        27       320    0.3643    0.2083    0.1558   0.06378    0.1082  0.004695   0.02374
     20/49     3.84G   0.03592  0.006436    0.0139   0.05626        24       320    0.3962    0.4062     0.121   0.02932    0.1036  0.005219   0.02337
     21/49     3.84G    0.0351  0.006066   0.01332   0.05449        33       320    0.4609    0.2812    0.2647   0.08578   0.09846  0.005344   0.02151
     22/49     3.84G   0.03614  0.006106   0.01308   0.05532        43       320    0.6936    0.1875    0.2593   0.07998   0.09659  0.005501   0.02155
     23/49     3.84G   0.03207  0.006356   0.01216   0.05058        30       320    0.1311    0.7639     0.307    0.1192   0.09288  0.005704   0.02053
     24/49     3.85G    0.0361  0.006257   0.01279   0.05514        30       320    0.3996    0.1244    0.1548   0.05714    0.1005  0.005575   0.02141
     25/49     3.85G   0.03615  0.006145    0.0123    0.0546        19       320    0.1959    0.5556    0.3192    0.1149   0.08868  0.005861   0.01956
     26/49     3.85G   0.03419  0.006161   0.01276   0.05311        47       320    0.4003    0.1806    0.1408   0.05596   0.09381   0.00544   0.02112
     27/49     3.85G   0.03645  0.005823    0.0129   0.05517        35       320    0.3996    0.1244    0.1572   0.06829   0.08544  0.006316   0.01951
     28/49     3.85G    0.0346  0.005637   0.01192   0.05215        26       320    0.1619    0.4201    0.2639    0.1468   0.08518  0.005951   0.01951
     29/49     3.85G   0.03178  0.005815   0.01054   0.04814        28       320    0.2058    0.4062    0.2831    0.1459   0.08579  0.005944   0.01966
     30/49     3.85G   0.04094   0.00603   0.01246   0.05943        46       320    0.2692     0.627    0.3548    0.1857   0.08295  0.005728   0.01945
     31/49     3.85G   0.03525  0.005915   0.01184   0.05301        34       320    0.9995   0.08333    0.1245    0.0617   0.08106  0.006312   0.02046
     32/49     3.85G   0.03308  0.006034   0.01094   0.05006        49       320    0.1434    0.4931    0.2186     0.107   0.08373  0.005871   0.01906
     33/49     3.85G   0.04146  0.005802   0.01225   0.05951        31       320     0.143      0.68    0.2546    0.1055     0.084  0.005628   0.01815
     34/49     3.85G   0.03123  0.005583   0.01042   0.04724        26       320    0.3053    0.4097    0.2936    0.1484   0.08341  0.005531   0.01828
     35/49     3.85G   0.03027  0.005999   0.01004   0.04631        34       320    0.4614    0.7472    0.5518    0.2953    0.0826   0.00539   0.01842
     36/49     3.85G   0.03163  0.005582   0.01048    0.0477        32       320    0.4498    0.7796    0.6465    0.3253   0.08174  0.005458   0.01836
     37/49     3.85G   0.02885  0.005703   0.01004   0.04459        34       320    0.4846    0.8056    0.6307    0.3752   0.08215  0.005243   0.01826
     38/49     3.85G   0.02591  0.005174   0.00927   0.04035        40       320    0.5837    0.6645    0.5581    0.3257   0.08015  0.005327   0.01805
     39/49     3.85G   0.03084  0.005131  0.009946   0.04591        34       320    0.6255    0.7482    0.6402     0.368   0.08236  0.004764   0.01756
     40/49     3.85G   0.03387  0.005174  0.009963   0.04901        25       320    0.6352    0.7889    0.7053    0.3975   0.08045  0.004669   0.01747
     41/49     3.85G   0.02759   0.00491  0.009059   0.04156        38       320    0.7138    0.7953    0.7526    0.3434   0.08298  0.004469   0.01721
     42/49     3.85G   0.02688  0.004888  0.008801   0.04057        37       320     0.774     0.684    0.7866    0.4746   0.08098  0.004408   0.01712
     43/49     3.85G   0.02921  0.004393  0.009015   0.04261        27       320    0.8402    0.6337    0.7665    0.4286   0.08109   0.00436   0.01739
     44/49     3.85G   0.02684  0.004687  0.008518   0.04005        33       320    0.8068    0.7084    0.7824    0.4276   0.08167  0.004248   0.01713
     45/49     3.85G   0.02616  0.004829  0.008296   0.03929        35       320    0.7511    0.5827    0.6316    0.3519   0.08268  0.004416   0.01776
     46/49     3.85G   0.02827  0.004533  0.008472   0.04127        31       320    0.7422    0.6488    0.6894    0.3736   0.08404  0.004128   0.01745
     47/49     3.85G   0.02519   0.00457  0.007892   0.03765        36       320    0.9388    0.7754    0.8976    0.5276   0.08405  0.004084   0.01608
     48/49     3.85G   0.02545  0.004544  0.007537   0.03753        29       320    0.8969    0.8235    0.8986    0.5492   0.08358  0.003623   0.01579
     49/49     3.85G   0.02493   0.00426  0.006919   0.03611        24       320    0.8941    0.7674    0.8995    0.4424   0.08658  0.003749   0.01568
