      0/49     1.27G   0.04305  0.009635   0.02807   0.08076        36       320   0.09581    0.3752   0.09122   0.05131   0.02647  0.003769   0.01369
      1/49     3.21G   0.03043  0.008748   0.02362   0.06279        47       320     0.514    0.3629    0.1509    0.1242   0.01789  0.003052   0.01414
      2/49     3.21G   0.02568   0.00867   0.02247   0.05682        37       320   0.04334    0.3409    0.0482   0.01064   0.02606  0.002779   0.01513
      3/49     3.77G   0.02271  0.008637   0.02168   0.05302        46       320     0.254    0.4771    0.1365    0.1011   0.01855  0.002769   0.01401
      4/49     3.77G   0.02033  0.008442   0.02083   0.04961        41       320    0.2864    0.6855    0.2186    0.1937   0.01087  0.002621   0.01477
      5/49     3.77G   0.01929  0.008303   0.02014   0.04773        50       320    0.1867    0.7857    0.3689    0.3105   0.00926  0.002252   0.01395
      6/49     3.77G   0.02017  0.008053   0.02025   0.04847        57       320    0.1402    0.9082    0.3025    0.2736   0.01325  0.002518   0.01453
      7/49     3.77G   0.01719  0.007816   0.01903   0.04403        51       320    0.1819    0.9286    0.4009    0.3471  0.008054  0.002388   0.01341
      8/49     3.77G   0.01777  0.007639   0.01866   0.04406        47       320    0.3075    0.7712    0.4175    0.3607  0.009061  0.002446   0.01248
      9/49     3.77G   0.01747  0.007481   0.01809   0.04304        61       320    0.3864    0.7471    0.4995    0.4297  0.007439  0.002425   0.01223
     10/49     3.77G     0.017  0.007386   0.01768   0.04206        44       320    0.3572    0.8278     0.544     0.474  0.008804  0.002805   0.01235
     11/49     3.77G   0.01702  0.007095    0.0175   0.04162        51       320    0.3557    0.7551    0.5705    0.4674  0.006822  0.002537    0.0116
     12/49     3.77G   0.01877  0.007067   0.01796   0.04379        45       320     0.328    0.7033    0.5906    0.5178  0.007245  0.002648   0.01134
     13/49     3.77G   0.01746  0.006891    0.0176   0.04195        38       320    0.3383    0.8528    0.6202    0.5632  0.005957  0.002542   0.01107
     14/49     3.77G    0.0174  0.006666    0.0171   0.04117        57       320    0.4133    0.8155    0.7266    0.6173  0.006215  0.002846   0.01157
     15/49     3.77G   0.01857  0.006613   0.01747   0.04265        54       320     0.441    0.9381    0.7489    0.6475  0.006029   0.00301  0.009635
     16/49     3.77G   0.01769  0.006559   0.01722   0.04147        51       320    0.4728    0.9492    0.7446    0.6408  0.006109  0.002737  0.009556
     17/49     3.77G    0.0193  0.006441   0.01754   0.04328        52       320    0.5232    0.9127    0.7704    0.6566  0.006811  0.002538   0.00873
     18/49     3.77G   0.01854  0.006521   0.01741   0.04247        38       320    0.6722    0.8403    0.7956    0.7219  0.004817   0.00266  0.009365
     19/49     3.77G   0.01825  0.006411   0.01691   0.04157        43       320    0.6435     0.927    0.8069    0.7133  0.005312  0.002901  0.009256
     20/49     3.77G   0.01957  0.006276   0.01758   0.04343        30       320    0.6862    0.8182    0.7912    0.6854  0.006549  0.002796  0.008687
     21/49     3.77G   0.01919  0.006231   0.01784   0.04326        37       320    0.6127    0.8809    0.7866    0.7124  0.004906  0.002773  0.007521
     22/49     3.77G   0.01765  0.006101   0.01751   0.04126        33       320    0.7474    0.8616    0.8356    0.7158  0.005822  0.002988  0.008149
     23/49     3.77G   0.01672  0.006099   0.01707   0.03989        56       320     0.691    0.9216    0.8565     0.739  0.005972  0.002952  0.007537
     24/49     3.77G   0.01684  0.006003   0.01742   0.04026        42       320    0.7793    0.8439    0.8775    0.7712  0.005595  0.002902   0.00724
     25/49     3.77G   0.01647  0.005894   0.01721   0.03957        58       320    0.7544    0.9054    0.9172    0.7923  0.005874     0.003  0.008363
     26/49     3.77G   0.01493  0.005881   0.01703   0.03784        48       320    0.8667    0.8782    0.9438    0.8244  0.005859  0.002952  0.006994
     27/49     3.77G   0.01561  0.005797   0.01657   0.03798        36       320    0.7914     0.872    0.9111       0.8  0.005211  0.002799  0.006959
     28/49     3.77G   0.01433  0.005665   0.01672   0.03672        38       320    0.8649    0.9047    0.9642    0.8367  0.005038  0.002975    0.0064
     29/49     3.77G   0.01413  0.005528   0.01683   0.03649        42       320    0.8464    0.7953    0.8877    0.7671  0.005484   0.00282  0.007769
     30/49     3.77G   0.01472  0.005695   0.01722   0.03764        65       320    0.7947    0.8929    0.9461     0.834   0.00488   0.00265  0.007438
     31/49     3.77G   0.01367  0.005521   0.01685   0.03604        50       320    0.8323    0.9146    0.9657    0.8493  0.005227  0.002939  0.006294
     32/49     3.77G   0.01258    0.0055   0.01672    0.0348        38       320    0.9136     0.923    0.9813    0.8626  0.005194  0.002916  0.006377
     33/49     3.77G   0.01238  0.005403   0.01661   0.03439        55       320    0.9257    0.9081    0.9775    0.8739  0.005004  0.002692  0.005757
     34/49     3.77G   0.01262  0.005325   0.01687   0.03482        38       320    0.8255    0.9464    0.9813     0.866  0.005993  0.003079  0.005164
     35/49     3.77G   0.01181  0.005261   0.01679   0.03386        44       320    0.8265    0.9043    0.9706    0.8584  0.005919  0.003044  0.006344
     36/49     3.77G   0.01149  0.005213   0.01607   0.03277        36       320    0.8878    0.9733    0.9862    0.8684  0.005266  0.002836  0.004624
     37/49     3.77G   0.01107  0.005155   0.01598    0.0322        46       320    0.8745    0.9053    0.9748    0.8558  0.005829  0.002671  0.005054
     38/49     3.77G   0.01165   0.00513     0.016   0.03279        59       320     0.848    0.9885    0.9926    0.8968  0.005793  0.002997  0.004398
     39/49     3.77G   0.01119  0.004965   0.01612   0.03228        51       320    0.9221    0.8994    0.9782    0.8658  0.005288  0.003266  0.004405
     40/49     3.77G   0.01095  0.004948   0.01602   0.03191        51       320    0.8849    0.9664    0.9883    0.8799   0.00499  0.002908  0.004085
     41/49     3.77G   0.01104   0.00497   0.01593   0.03194        33       320    0.8936    0.9187    0.9821    0.8719  0.005618  0.003215  0.004649
     42/49     3.77G    0.0106  0.004889   0.01563   0.03112        36       320    0.9128    0.9234     0.989    0.8798  0.006277  0.003046  0.004187
     43/49     3.77G     0.011  0.004794   0.01597   0.03176        44       320    0.9529    0.9297    0.9899    0.8694  0.005478  0.003073  0.003755
     44/49     3.77G   0.01028  0.004783   0.01602   0.03108        56       320    0.8581    0.9519    0.9913    0.8655  0.005936  0.003272  0.004305
     45/49     3.77G  0.009661  0.004764   0.01527    0.0297        41       320    0.9287    0.9622     0.992    0.8753  0.006165  0.003187  0.003852
     46/49     3.77G   0.01022  0.004615    0.0153   0.03013        60       320    0.8845    0.9039    0.9844    0.8748  0.005455  0.003086  0.003878
     47/49     3.77G   0.01004  0.004747   0.01587   0.03065        36       320    0.9049    0.9478    0.9907    0.8796  0.005573  0.003037    0.0037
     48/49     3.77G   0.01007  0.004653   0.01508    0.0298        73       320     0.912    0.9538    0.9926    0.8748  0.005588  0.003224  0.003605
     49/49     3.77G   0.01009  0.004629   0.01549   0.03021        47       320    0.9042    0.8771    0.9825    0.8665   0.00646  0.003144   0.00414
