      0/29     11.9G    0.0745   0.01462   0.02573    0.1149        34       640  0.003678    0.1146 0.0009514 0.0001815    0.1236   0.01267   0.02976
      1/29       12G   0.06694   0.01175   0.02447    0.1032        31       640   0.02328   0.03125   0.01234  0.002335    0.1121   0.01088   0.02813
      2/29     10.5G   0.06147   0.01102   0.02326   0.09574        32       640   0.05684    0.1424   0.05853   0.01002    0.1017   0.01022   0.02707
      3/29     10.5G    0.0546   0.01011   0.02137   0.08607        24       640   0.09919    0.1146   0.06845   0.02063   0.09363  0.009688   0.02542
      4/29     10.5G   0.05219  0.009974   0.02084   0.08301        35       640    0.5282    0.3157    0.2941   0.09688   0.09324  0.008778   0.02399
      5/29     10.5G   0.05085  0.008922   0.02056   0.08033        14       640    0.6036    0.3333      0.38    0.0976   0.09031  0.008485     0.024
      6/29     10.5G   0.05258  0.008937   0.02006   0.08158        30       640    0.1609    0.6139    0.2384   0.08868   0.09045   0.00837   0.01982
      7/29     10.5G   0.04796  0.008817   0.01823   0.07501        33       640    0.1655   0.08218   0.09693   0.01601    0.0955  0.008492   0.02366
      8/29     10.5G   0.05272  0.008492   0.01861   0.07982        30       640    0.3732     0.615    0.4561    0.1803   0.08759  0.008204   0.02085
      9/29     10.5G    0.0492  0.007781   0.01826   0.07524        39       640    0.7306    0.7569    0.7501    0.3805   0.08955  0.007365   0.02222
     10/29     10.5G   0.05076  0.007284   0.01618   0.07422        21       640    0.5415    0.8144    0.7187    0.2076   0.09512  0.006508   0.01905
     11/29     10.5G   0.05504  0.007242   0.01532   0.07759        33       640    0.5399    0.8462    0.7766    0.3217   0.09086  0.006292    0.0166
     12/29     10.5G   0.04572  0.006417    0.0146   0.06675        39       640    0.8529    0.5482    0.6827    0.3016   0.07166  0.006705   0.01623
     13/29     10.5G   0.05103  0.006275   0.01491   0.07221        28       640     0.774    0.9688    0.9553    0.4545   0.07802  0.005726   0.01579
     14/29     10.5G   0.04939  0.006078   0.01341   0.06888        32       640     0.728    0.9989    0.9208    0.3765   0.08823  0.005432   0.01707
     15/29     10.5G     0.046  0.006055   0.01293   0.06498        42       640    0.6557    0.9807    0.8702    0.4455   0.08703  0.005199   0.01576
     16/29     10.5G   0.04536  0.005614   0.01159   0.06257        26       640     0.947    0.9998     0.995    0.4576   0.08549  0.004986   0.01437
     17/29     10.5G   0.04827  0.005609   0.01065   0.06453        29       640    0.6124    0.9093    0.7358     0.328   0.08707  0.006009   0.01401
     18/29     10.5G   0.04549  0.005303  0.009293   0.06009        39       640    0.9224    0.9688    0.9951    0.5267   0.08494  0.005111   0.01408
     19/29     10.5G   0.03837   0.00515   0.00891   0.05243        41       640    0.8471         1    0.9279    0.5251   0.08561  0.004842   0.01311
     20/29     10.5G   0.04781  0.005331   0.01066    0.0638        19       640    0.8821    0.8983    0.9355     0.426   0.06654  0.005315   0.01146
     21/29     10.5G    0.0517  0.005197   0.01103   0.06793        28       640    0.9327         1    0.9923    0.5994   0.06237  0.005426    0.0114
     22/29     10.5G   0.04179  0.004934  0.009033   0.05575        31       640    0.9831    0.9992     0.995    0.5388   0.05943  0.005412   0.01201
     23/29     10.5G   0.03515  0.005091  0.006503   0.04674        45       640    0.9377    0.9941    0.9813    0.5275   0.06016  0.005218   0.01172
     24/29     10.5G   0.04188  0.004778  0.008657   0.05531        28       640    0.9744    0.9996    0.9951    0.5698   0.06377  0.005108   0.01204
     25/29     10.5G    0.0415  0.005183  0.009204   0.05589        20       640    0.9816    0.9913    0.9951     0.577   0.06614  0.005071   0.01252
     26/29     10.5G   0.04622  0.005142  0.008876   0.06024        30       640    0.9417    0.9727    0.9709    0.5532   0.06701  0.004686   0.01152
     27/29     10.5G   0.04693  0.004783  0.009866   0.06158        29       640    0.9796         1     0.995    0.5505   0.06252  0.004888    0.0107
     28/29     10.5G   0.03935  0.005011  0.008929   0.05329        38       640    0.9768         1    0.9951    0.5575   0.05808  0.005191  0.009623
     29/29     10.5G   0.03865  0.004783  0.008133   0.05157        34       640     0.977         1    0.9951    0.5654   0.05567  0.005245  0.009947
