      0/49     11.5G   0.07425   0.01464   0.02571    0.1146        34       640   0.00367   0.08681  0.001105 0.0001613    0.1237   0.01268   0.02917
      1/49     11.6G   0.06682   0.01178   0.02468    0.1033        31       640   0.01795   0.07292   0.01524  0.002871    0.1099   0.01114   0.02758
      2/49     10.1G   0.06132    0.0109    0.0233   0.09552        32       640   0.01389    0.2153   0.01406  0.002889    0.1029   0.01022   0.02669
      3/49     10.1G    0.0571   0.01001   0.02196   0.08907        24       640   0.04793    0.2326   0.04731  0.008342   0.09897  0.009438   0.02486
      4/49     10.1G   0.05201  0.009954   0.02008   0.08204        35       640    0.4872    0.3958    0.2696   0.09418   0.09092  0.009053   0.02356
      5/49     10.1G   0.05301  0.008925   0.01967   0.08161        14       640    0.5128    0.5486    0.4459    0.1509   0.08922  0.008409   0.02447
      6/49     10.1G   0.05093  0.008832   0.01935   0.07911        30       640    0.4354    0.5209    0.3971   0.09253   0.08973  0.008383   0.02134
      7/49     10.1G   0.04628  0.008607   0.01693   0.07182        33       640    0.3963    0.5938    0.4932    0.1682    0.0848   0.00774   0.02466
      8/49     12.1G   0.05023  0.008278   0.01737   0.07589        30       640    0.5622    0.6948    0.6734    0.2229   0.08218  0.007331   0.02153
      9/49     12.1G   0.04329   0.00739   0.01489   0.06557        39       640    0.6194    0.9001    0.8636    0.4585   0.08389  0.007167   0.02094
     10/49     12.1G   0.05027  0.006973   0.01654   0.07378        21       640     0.615    0.5999    0.6606    0.2674   0.08399  0.007535   0.01895
     11/49     12.1G   0.05188  0.006937   0.01601   0.07483        33       640    0.6316    0.7615    0.6987    0.3765   0.08295  0.007421   0.01674
     12/49     12.1G   0.04182   0.00602    0.0134   0.06124        39       640    0.7392    0.8926    0.8535    0.4268   0.08925  0.006794   0.01546
     13/49     12.1G    0.0511  0.006015   0.01416   0.07128        28       640    0.2563    0.7636     0.213   0.07709   0.08368  0.009453    0.0188
     14/49     12.1G   0.04833  0.005828   0.01314    0.0673        32       640 0.0001579     0.125 7.973e-05  3.21e-05   0.08382    0.0875   0.01744
     15/49     12.1G   0.04767  0.005755   0.01315   0.06658        42       640    0.7818    0.9844    0.9552    0.4833   0.08652  0.005326   0.01378
     16/49     12.1G   0.04839  0.005552     0.013   0.06694        26       640    0.7334    0.9223    0.8244    0.3551   0.08793  0.005177   0.01359
     17/49     12.1G   0.04863  0.005573   0.01182   0.06602        29       640    0.8179    0.9038    0.9579    0.5044   0.07871  0.005375   0.01285
     18/49     12.1G   0.04741  0.005465    0.0114   0.06427        39       640    0.8632    0.9722    0.9555    0.4174   0.08258  0.005663   0.01295
     19/49     12.1G   0.04369  0.005366   0.01145   0.06051        41       640    0.6534    0.7494    0.6707    0.3016   0.07582   0.00725   0.01448
     20/49     12.1G   0.05651  0.005394     0.012    0.0739        19       640    0.9298    0.9781    0.9917    0.3969   0.08648  0.005136   0.00969
     21/49     12.1G   0.05916  0.005597   0.01478   0.07955        28       640     0.551    0.5589    0.6406    0.2724   0.06649  0.006163   0.01396
     22/49     12.1G    0.0482  0.005846   0.01392   0.06797        31       640    0.7389    0.8349    0.8304    0.3114   0.07252  0.006428   0.01562
     23/49     12.1G   0.04837  0.005576   0.01218   0.06613        45       640    0.2493   0.08333    0.1099   0.07522   0.05311    0.0116   0.02031
     24/49     12.1G   0.05185  0.005478   0.01401   0.07133        28       640         0         0         0         0   0.09197  0.007856   0.02442
     25/49     12.1G   0.04636  0.005742    0.0116    0.0637        20       640    0.8198    0.8756    0.8648    0.4364   0.05004  0.006828   0.01292
     26/49     12.1G     0.051  0.005614   0.01148   0.06809        30       640     0.963    0.9616    0.9806    0.5338   0.04552  0.006192   0.01235
     27/49     12.1G   0.05389  0.005133   0.01234   0.07136        29       640    0.7498    0.7986     0.781     0.346   0.05289  0.006886   0.01357
     28/49     12.1G   0.05017  0.005534   0.01252   0.06823        38       640    0.8056     0.486    0.6318    0.2859   0.09023  0.007667   0.01548
     29/49     12.1G   0.04834  0.005558   0.01037   0.06427        34       640    0.7672     0.854    0.9241    0.4068    0.0898  0.006122   0.01408
     30/49     12.1G   0.04176   0.00535  0.009258   0.05637        38       640    0.9227         1     0.995    0.4779   0.08748  0.005008   0.01159
     31/49     12.1G   0.03909  0.005164  0.008193   0.05244        25       640    0.9744    0.7224    0.8635    0.5111   0.08351  0.006248   0.01366
     32/49     12.1G   0.04967  0.004626  0.009884   0.06418        30       640    0.9224    0.9548     0.981    0.5552    0.0834  0.005235   0.01072
     33/49     12.1G   0.03317  0.005095  0.007101   0.04537        32       640    0.8593    0.9654    0.8816    0.5044   0.07111  0.005042    0.0116
     34/49     12.1G   0.04532   0.00479  0.009352   0.05946        29       640    0.9561         1     0.995    0.5731   0.07734  0.004761   0.01086
     35/49     12.1G   0.03763  0.004818  0.008794   0.05124        26       640    0.9724         1     0.995    0.4915   0.08187  0.004606   0.01045
     36/49     12.1G   0.04436   0.00501  0.009466   0.05884        26       640    0.9741    0.9539    0.9917    0.5946    0.0793  0.004952   0.01106
     37/49     12.1G   0.03829  0.005166  0.007556   0.05101        35       640    0.9663    0.9999    0.9951    0.5531   0.08114  0.004675   0.01124
     38/49     12.1G   0.04172  0.004944  0.007817   0.05448        32       640    0.9726    0.9998    0.9951    0.5482   0.07906  0.004589   0.01076
     39/49     12.1G   0.04445    0.0046  0.007778   0.05683        28       640    0.9836         1    0.9951    0.5592   0.08019  0.004369   0.01035
     40/49     12.1G   0.04221  0.004531  0.008411   0.05515        33       640     0.984    0.9999    0.9951    0.5591   0.08085  0.004463   0.01016
     41/49     12.1G   0.03198  0.004543  0.005682    0.0422        42       640    0.9871    0.9871    0.9951    0.6182   0.07739  0.004382  0.009685
     42/49     12.1G   0.04418  0.004641  0.008474   0.05729        45       640    0.9777    0.9998    0.9951    0.6272   0.08036   0.00435  0.009506
     43/49     12.1G   0.03832    0.0042  0.008355   0.05087        30       640    0.9881         1    0.9951    0.5813   0.07867  0.004495  0.009287
     44/49     12.1G   0.02877  0.004305  0.005493   0.03857        41       640    0.9841         1    0.9951     0.563    0.0778   0.00461  0.009293
     45/49     12.1G   0.03919  0.004379  0.006901   0.05047        29       640    0.9873    0.9942    0.9951     0.567    0.0779  0.004711   0.00936
     46/49     12.1G   0.03893  0.004479  0.008824   0.05224        44       640    0.9923    0.9864    0.9951    0.6147   0.07677  0.004631  0.009302
     47/49     12.1G   0.03628  0.004346  0.008134   0.04876        27       640    0.9894    0.9896    0.9951    0.6229   0.07594  0.004542   0.00915
     48/49     12.1G   0.04118  0.004402  0.009312    0.0549        39       640    0.9679         1    0.9951    0.6322   0.07471  0.004588  0.009192
     49/49     12.1G   0.02727  0.004289   0.00428   0.03583        26       640    0.9743    0.9932    0.9951    0.5948   0.07637  0.004606  0.009086
