      0/79     2.25G    0.0467   0.01411   0.02751   0.08832        25       640   0.09565    0.6269    0.1337   0.08846   0.01003  0.005368   0.01101
      1/79     10.1G   0.04158   0.01104   0.02418    0.0768        29       640  0.003739    0.6609  0.003576  0.001727   0.01394   0.02367   0.01072
      2/79     10.1G   0.04575   0.01087   0.02542   0.08204        20       640   0.01159     0.283  0.006693  0.005215   0.01547  0.005069   0.01078
      3/79     10.1G   0.04056  0.009959    0.0231   0.07362        20       640   0.03667     0.281   0.03033   0.01598   0.02398  0.002677   0.01155
      4/79     10.1G   0.03825   0.01045   0.02208   0.07078        29       640 2.306e-05  0.007143 1.267e-06 1.141e-06   0.03426       nan    0.5656
      5/79     10.1G   0.02937  0.009296   0.01844   0.05711        32       640    0.3654    0.4947    0.1924    0.1624  0.009571  0.002681   0.01041
      6/79     10.1G    0.0279  0.009177   0.01744   0.05451        44       640    0.4771    0.1409   0.06189   0.02536   0.01443  0.004739   0.01039
      7/79     10.1G    0.0181  0.008608   0.01347   0.04018        49       640    0.1029    0.5876    0.1524    0.1224  0.006139  0.002929   0.01054
      8/79     10.1G   0.02186  0.008488   0.01591   0.04626        35       640    0.5049    0.1467    0.0545   0.01467   0.01729  0.005176    0.0105
      9/79     10.1G   0.02055   0.00928   0.01732   0.04714        30       640  0.001642   0.01054 0.0002426 0.0001124   0.02956     1.394    0.0176
     10/79     10.1G   0.02043  0.008604   0.01537   0.04441        23       640    0.2998    0.5324    0.2015    0.1721  0.006197  0.002274   0.01064
     11/79     10.1G    0.0235  0.008436   0.01743   0.04937        23       640    0.3182    0.4688    0.2029    0.1501    0.0119  0.003003   0.01059
     12/79     10.1G    0.0255  0.008118   0.01899   0.05261        29       640    0.2464    0.7147    0.1944    0.1838  0.007612  0.002089   0.01054
     13/79     10.1G   0.02413  0.008041   0.01818   0.05035        31       640    0.5744   0.01916  0.001335  0.001056   0.04123   0.01048   0.01051
     14/79     10.1G   0.02268  0.007828   0.01846   0.04897        35       640     0.268    0.5869    0.1875    0.1569   0.01106   0.00207   0.01039
     15/79     10.1G   0.02279  0.007514   0.01809   0.04839        25       640    0.1447    0.8385    0.2555    0.2426  0.003385   0.00226   0.01024
     16/79     10.1G   0.02039  0.007083    0.0175   0.04498        38       640    0.3128    0.6039    0.2327    0.2207  0.003946  0.002117   0.01033
     17/79     10.1G   0.02273   0.00686   0.01833   0.04792        32       640    0.2266    0.7562    0.2379    0.2215  0.009708  0.002375   0.01039
     18/79     10.1G   0.02269   0.00696    0.0181   0.04776        28       640    0.1533     0.812    0.3262    0.2861   0.00382  0.002339  0.009589
     19/79     10.1G   0.02171  0.007072   0.01828   0.04706        28       640    0.1577    0.7665    0.3317    0.3127  0.002798  0.002063  0.009154
     20/79     10.1G   0.01856  0.006811   0.01633    0.0417        33       640    0.2645    0.7599    0.3422     0.305  0.002866  0.002605  0.009581
     21/79     10.1G   0.02005  0.006697    0.0171   0.04385        33       640    0.1805    0.8776    0.3558    0.3389  0.002558   0.00169  0.009153
     22/79     10.1G   0.02027  0.006748   0.01722   0.04424        23       640    0.1603    0.9428    0.3739    0.3523   0.00237  0.002015  0.008843
     23/79     10.1G   0.01922  0.006441   0.01735   0.04302        35       640    0.1821     0.949    0.3992    0.3852  0.002527  0.001755  0.008797
     24/79     10.1G   0.01936  0.006506   0.01665   0.04252        33       640    0.6486    0.4781    0.4424    0.4253  0.002654  0.001748  0.008307
     25/79     10.1G   0.02032  0.006411   0.01747   0.04421        24       640     0.246    0.8405    0.4306    0.4139  0.002645  0.001732  0.008328
     26/79     10.1G   0.02001  0.006235   0.01702   0.04327        30       640    0.7003    0.3512    0.3977    0.3769  0.003305  0.002314  0.008593
     27/79     10.1G   0.02213  0.006281    0.0175   0.04591        19       640    0.2653    0.8796     0.494    0.4813  0.002415  0.001358    0.0076
     28/79     10.1G   0.02137  0.006411   0.01724   0.04502        30       640    0.2349    0.9349    0.5239    0.5093  0.002982  0.001701   0.00761
     29/79     10.1G   0.02045  0.006071   0.01714   0.04366        25       640    0.2671       0.8     0.509    0.4918   0.00294  0.001741  0.006886
     30/79     10.1G    0.0197    0.0058   0.01658   0.04208        24       640     0.778    0.4737    0.5054    0.4876   0.00272  0.001794  0.006913
     31/79     10.1G   0.01814   0.00614   0.01625   0.04053        43       640     0.793    0.4108    0.5073    0.4776  0.002737  0.001443   0.00725
     32/79     10.1G   0.02187  0.006474   0.01835    0.0467        35       640    0.2635    0.6992    0.4747    0.4319  0.002684  0.002201  0.008003
     33/79     10.1G   0.02273  0.006393   0.01675   0.04587        39       640    0.2646    0.6339    0.2981    0.2593   0.00406   0.00461   0.00736
     34/79     10.1G   0.02404  0.006145   0.01731    0.0475        36       640    0.3176     0.875    0.5892    0.5624  0.002535  0.001527  0.006905
     35/79     10.1G   0.01975  0.006316   0.01644   0.04251        20       640    0.7512    0.4545    0.5145     0.482  0.003214  0.001906  0.006944
     36/79     10.1G   0.02195  0.006146   0.01728   0.04537        26       640    0.8106     0.459    0.5898    0.5593  0.003422  0.001425  0.006518
     37/79     10.1G   0.02206  0.005957   0.01708    0.0451        30       640    0.3679    0.8641    0.6292    0.6068  0.003057  0.001504  0.006565
     38/79     10.1G    0.0169  0.005887   0.01541   0.03819        36       640    0.3756     0.912    0.6639    0.6454  0.002784  0.001935  0.006174
     39/79     10.1G   0.01935  0.006007   0.01679   0.04215        34       640    0.4169    0.8837    0.6944    0.6671  0.002614  0.001696  0.005836
     40/79     10.1G   0.02068  0.005936   0.01721   0.04382        32       640    0.5013    0.7505    0.6487    0.6197  0.002589    0.0017  0.006006
     41/79     10.1G   0.01919  0.006052    0.0169   0.04215        31       640    0.5723    0.7918    0.6986    0.6675  0.002986  0.001603  0.005488
     42/79     10.1G   0.01853  0.006252   0.01668   0.04147        35       640    0.4957     0.801    0.7147    0.6941  0.002627  0.001783  0.005637
     43/79     10.1G   0.01758  0.006203    0.0167   0.04049        37       640    0.5115    0.7873    0.7018    0.6783   0.00311  0.001669  0.005258
     44/79     10.1G   0.02059  0.006057    0.0171   0.04375        25       640    0.4301    0.7037      0.67    0.6346  0.003021  0.001574  0.005515
     45/79     10.1G   0.01971  0.005974   0.01696   0.04264        22       640    0.6079    0.8722    0.7722    0.7503   0.00271  0.001626  0.004725
     46/79     10.1G   0.01648  0.005899   0.01617   0.03854        24       640    0.5878    0.7898    0.7597    0.7379  0.002355  0.001526  0.004544
     47/79     10.1G   0.01631  0.005952   0.01621   0.03847        30       640    0.4796    0.7397     0.718    0.6903  0.002937  0.001632  0.005133
     48/79     10.1G   0.01637  0.005966   0.01637    0.0387        43       640    0.5217    0.7663    0.7235    0.6893    0.0029  0.001891  0.004919
     49/79     10.1G   0.01859  0.005767   0.01644   0.04081        25       640    0.5418    0.7502    0.7502    0.7193  0.002588  0.001944  0.004632
     50/79     10.1G   0.01709   0.00577   0.01614   0.03901        37       640    0.6382    0.7838    0.7731    0.7419  0.003215  0.001638  0.004433
     51/79     10.1G   0.01641   0.00605    0.0175   0.03996        26       640    0.5513    0.8267    0.7562    0.7232  0.002782  0.001519  0.004713
     52/79     10.1G   0.01538  0.005606   0.01563   0.03661        31       640    0.6093    0.8312    0.7394    0.7093  0.002857  0.001591  0.004574
     53/79     10.1G   0.01686  0.005688   0.01646   0.03901        30       640    0.6351    0.6838    0.7133    0.6816  0.002908  0.001746  0.004834
     54/79     10.1G   0.01818  0.005513   0.01627   0.03997        20       640    0.6825     0.788    0.7949    0.7557  0.003005  0.001763  0.004014
     55/79     10.1G   0.01851  0.005588   0.01634   0.04044        28       640    0.6426    0.7887    0.7662    0.7275  0.002796  0.001793  0.004476
     56/79     10.1G   0.01574  0.005599   0.01615   0.03749        36       640    0.6466    0.6944    0.7416     0.716  0.002534  0.001788  0.004765
     57/79     10.1G   0.01469  0.005656   0.01617   0.03652        25       640    0.6574    0.7193    0.7781    0.7522  0.002413  0.001793  0.004285
     58/79     10.1G    0.0144  0.005238   0.01537     0.035        23       640    0.7904    0.6987    0.7836    0.7517  0.002709  0.001571  0.004117
     59/79     10.1G   0.01696  0.005705   0.01656   0.03923        20       640    0.6775    0.7766    0.7716    0.7432  0.002634  0.001709  0.004244
     60/79     10.1G   0.01721  0.005455   0.01645   0.03911        26       640     0.625    0.7547    0.7737    0.7359  0.002927  0.001799  0.004595
     61/79     10.1G   0.01521  0.005531   0.01616   0.03691        40       640    0.6385    0.7566    0.7728    0.7358  0.002888  0.001874  0.004356
     62/79     10.1G   0.02082  0.005631   0.01707   0.04353        36       640    0.7006    0.7517    0.7886    0.7634  0.002814  0.001816  0.003951
     63/79     10.1G    0.0156  0.005335   0.01591   0.03684        29       640     0.718    0.7572    0.7937    0.7651  0.002699    0.0016   0.00369
     64/79     10.1G   0.01611  0.005304   0.01572   0.03713        33       640    0.7211    0.7148     0.796    0.7687  0.002817  0.001716  0.004002
     65/79     10.1G   0.01696  0.005125     0.016   0.03809        27       640    0.6817    0.7925    0.8091    0.7771  0.002686  0.001846  0.003665
     66/79     10.1G   0.01554  0.005606   0.01602   0.03717        22       640     0.642    0.7702    0.7821    0.7458  0.002647  0.001971   0.00414
     67/79     10.1G   0.01536  0.005177   0.01542   0.03596        28       640    0.6603    0.8407    0.8054    0.7739  0.002851  0.001806  0.003635
     68/79     10.1G   0.01592  0.005371   0.01587   0.03716        36       640    0.7032    0.8194    0.8165    0.7879  0.002697  0.001833  0.003416
     69/79     10.1G   0.01522  0.005247   0.01532   0.03579        32       640    0.6878    0.8165    0.8197    0.7899  0.003022  0.001823  0.003639
     70/79     10.1G   0.01467  0.005047   0.01527   0.03499        32       640    0.7767    0.7695    0.8312    0.8016  0.002871  0.001778  0.003594
     71/79     10.1G   0.01662  0.005393   0.01608    0.0381        34       640    0.6954    0.8413    0.8262    0.7927  0.002656  0.001854  0.003518
     72/79     10.1G   0.01498  0.005205   0.01548   0.03566        21       640    0.7714    0.7602    0.8258    0.7952  0.002741  0.001809  0.003636
     73/79     10.1G   0.01502  0.005194   0.01553   0.03575        43       640    0.7143     0.812    0.8381    0.8061  0.002869  0.001836  0.003688
     74/79     10.1G   0.01477  0.005207   0.01587   0.03584        38       640    0.6837     0.824    0.8059    0.7784  0.002606  0.002014  0.003642
     75/79     10.1G   0.01555  0.005134    0.0157   0.03639        32       640    0.7828    0.7744    0.8562    0.8237  0.002788  0.001832   0.00322
     76/79     10.1G   0.01718  0.005193   0.01636   0.03873        35       640    0.8286    0.7635    0.8476    0.8196  0.002515  0.001973    0.0035
     77/79     10.1G   0.01776  0.005088   0.01551   0.03835        34       640    0.7912    0.7926    0.8395    0.8101  0.002727  0.001855  0.003685
     78/79     10.1G   0.01358  0.004992   0.01528   0.03384        30       640    0.7793    0.8025    0.8469    0.8216  0.002795   0.00187  0.003433
     79/79     10.1G   0.01847  0.004919   0.01599   0.03938        32       640    0.7284    0.7884     0.846    0.8175  0.002644  0.002052  0.003693
