      0/49     2.07G   0.04451   0.01379   0.02641    0.0847        25       640   0.05114    0.3056   0.06172   0.02318   0.01777  0.005249   0.01072
      1/49     10.2G   0.04399   0.01086   0.02503   0.07988        29       640         0         0         0         0   0.03429    0.3518   0.01159
      2/49     10.3G   0.04339   0.01088   0.02334    0.0776        20       640 0.0006309   0.07215  0.000191 2.368e-05   0.05228     5.387    0.1471
      3/49     10.3G   0.04588   0.01141   0.02458   0.08187        20       640 1.469e-05  0.002857 3.671e-07 3.671e-08       nan       nan       nan
      4/49     10.3G   0.04562    0.0122   0.02422   0.08204        29       640  0.002784   0.09086 0.0009074 0.0001407   0.03092     3.359   0.02785
      5/49     10.3G   0.03871   0.01116    0.0213   0.07116        32       640   0.04974    0.3283    0.0472    0.0111   0.02424  0.003647    0.0105
      6/49     10.3G   0.03317   0.01113   0.02095   0.06524        44       640   0.03194    0.1287   0.03045  0.008911   0.02147  0.004469   0.03128
      7/49     10.3G    0.0323   0.01052   0.02215   0.06496        49       640    0.2277    0.3402    0.1225   0.05592   0.01775  0.004435   0.03276
      8/49     10.3G   0.03709   0.01057   0.02221   0.06986        35       640   0.03009    0.8327   0.04003   0.01466   0.01985   0.06941    0.0358
      9/49     10.3G   0.03739   0.01023   0.02406   0.07168        30       640    0.3078    0.5167     0.205    0.1359  0.008494  0.002544   0.01076
     10/49     10.3G   0.03736  0.009908   0.02342    0.0707        23       640   0.04413    0.8046   0.07153   0.05311   0.01379  0.007179     0.035
     11/49     10.3G   0.03876  0.009784   0.02399   0.07253        23       640    0.1193    0.8248    0.1447   0.09613   0.01359  0.003149   0.01598
     12/49     10.3G   0.03749   0.00968   0.02317   0.07034        29       640    0.2668    0.4925    0.2035    0.1231  0.009395  0.002913    0.0103
     13/49     10.3G   0.03799  0.009209   0.02378   0.07097        31       640   0.08091    0.5104    0.1075   0.07787   0.01894   0.01732   0.01451
     14/49     10.3G   0.03816  0.009283   0.02371   0.07116        35       640    0.1626    0.4715    0.1682    0.1406   0.01705  0.006355    0.0525
     15/49     10.3G   0.03401  0.008887   0.02225   0.06515        25       640    0.6282    0.3846    0.2989    0.2475  0.004688  0.002458  0.009911
     16/49     10.3G    0.0328  0.008605   0.02249   0.06389        38       640   0.06404    0.6679   0.05761   0.04358   0.01405     0.604   0.03124
     17/49     10.3G   0.03519  0.008625   0.02284   0.06665        32       640    0.2626    0.6885    0.2545    0.1979  0.003506  0.002657  0.009808
     18/49     10.3G   0.03423  0.008231   0.02179   0.06425        28       640    0.2003    0.6909     0.311    0.2397  0.006189   0.00291   0.01008
     19/49     10.3G   0.03412  0.008387   0.02179   0.06429        28       640    0.6135    0.2265    0.2394    0.1304  0.009424  0.003363  0.009868
     20/49     10.3G   0.03187  0.008128   0.02099     0.061        33       640    0.2686    0.5363    0.2305    0.1737  0.005573   0.00424   0.01007
     21/49     10.3G   0.03441  0.008472   0.02279   0.06567        33       640    0.3257    0.5002    0.2731    0.1986  0.005446  0.002813  0.009521
     22/49     10.3G   0.03296  0.008726   0.02205   0.06373        23       640    0.6481    0.3789    0.3582    0.2892  0.004597  0.002357  0.009264
     23/49     10.3G   0.03241  0.008157   0.02199   0.06256        35       640   0.04174    0.3693   0.02968   0.02255   0.02342     2.563    0.2412
     24/49     10.3G   0.03007  0.008309   0.02175   0.06013        33       640   0.05606    0.6845    0.0652   0.04782   0.01794  0.009219    0.0342
     25/49     10.3G   0.02961  0.008099   0.02168   0.05939        24       640    0.6304    0.3687    0.3278    0.2377  0.003472  0.002656  0.009207
     26/49     10.3G   0.02919  0.008062   0.02153   0.05878        30       640    0.7154    0.4618    0.4835    0.4139  0.003743   0.00235  0.008874
     27/49     10.3G   0.03292  0.008183   0.02286   0.06396        19       640    0.3751    0.5104    0.3046    0.1739  0.006508  0.002598  0.009026
     28/49     10.3G   0.03201  0.008096    0.0221   0.06221        30       640    0.6878     0.361    0.4092    0.3202  0.004909  0.002754  0.008873
     29/49     10.3G   0.02984  0.007815   0.02188   0.05953        25       640    0.7284    0.4225    0.4846    0.4165  0.003769  0.002816  0.008828
     30/49     10.3G   0.02837  0.007578   0.02122   0.05717        24       640    0.6726    0.4617    0.4641    0.4333   0.00264  0.002437  0.008411
     31/49     10.3G    0.0294   0.00774   0.02151   0.05864        43       640    0.5317    0.3638    0.3418    0.2324  0.007546  0.003193  0.009738
     32/49     10.3G    0.0295  0.007952   0.02161   0.05906        35       640     0.521    0.4003    0.3233    0.1496  0.008706  0.003469  0.009348
     33/49     10.3G   0.02976  0.007697   0.02164    0.0591        39       640    0.5137    0.3823    0.3911    0.2894   0.00701  0.002701  0.008864
     34/49     10.3G   0.03025  0.007233   0.02209   0.05957        36       640    0.1923    0.7758     0.313    0.2488  0.004571  0.002633  0.009311
     35/49     10.3G    0.0266  0.007523   0.02097   0.05509        20       640    0.7096    0.4905    0.5287    0.4573  0.003555  0.002401  0.007558
     36/49     10.3G   0.02723  0.007395   0.02112   0.05574        26       640    0.1499    0.3879    0.2077    0.1142  0.008078  0.007861   0.01192
     37/49     10.3G   0.02688  0.007282   0.02109   0.05525        30       640    0.7936     0.359     0.488    0.4333  0.004143  0.002259   0.00796
     38/49     10.3G   0.02568  0.007109   0.02063   0.05341        36       640    0.1358    0.4043    0.1656    0.1042  0.006527  0.007753   0.00916
     39/49     10.3G   0.02351  0.007363   0.02061   0.05149        34       640    0.2191    0.4301    0.3178    0.2094  0.005827  0.003369  0.009375
     40/49     10.3G   0.02436  0.007215   0.02073   0.05231        32       640    0.2814    0.3971    0.3494    0.2382  0.007793  0.003122   0.01111
     41/49     10.3G   0.02363   0.00711    0.0208   0.05153        31       640    0.2062    0.3216    0.2771    0.1789  0.007295  0.004007   0.01004
     42/49     10.3G   0.02358  0.007376   0.02041   0.05136        35       640    0.2899    0.3417    0.3472     0.284  0.004293  0.002743  0.008179
     43/49     10.3G   0.02315  0.007383    0.0206   0.05113        37       640    0.1263    0.3451    0.1385   0.09748  0.008678   0.01373   0.01211
     44/49     10.3G    0.0243  0.007244   0.02088   0.05242        25       640    0.2327    0.3407    0.3095    0.2546  0.006643  0.003494    0.0101
     45/49     10.3G   0.02485  0.007078   0.02091   0.05283        22       640    0.7401    0.4762    0.5672    0.5005  0.004375  0.002539  0.008066
     46/49     10.3G    0.0213  0.007032   0.02036   0.04869        24       640    0.2498    0.2839    0.2579    0.1978   0.00958  0.007327   0.01192
     47/49     10.3G   0.02314  0.007083   0.02086   0.05108        30       640    0.2719    0.3801    0.3357    0.2233  0.007162  0.002978  0.009838
     48/49     10.3G   0.02409  0.006973   0.02097   0.05203        43       640    0.7618    0.4571    0.5765    0.5357  0.002877  0.002359  0.007075
     49/49     10.3G   0.02171  0.006806   0.02026   0.04877        25       640    0.7416    0.5191    0.5648    0.5151  0.003202  0.002218  0.007133
