      0/49      3.2G   0.08214  0.005559    0.0267    0.1144        33       320   0.01621   0.03125   0.00294  0.000763    0.1182  0.006086   0.03011
      1/49     3.18G   0.07667  0.005514   0.02566    0.1078        20       320    0.2749    0.0625   0.01149  0.002221     0.116  0.005939     0.028
      2/49     3.96G   0.07069  0.005955   0.02465    0.1013        29       320   0.05379   0.03125   0.01306   0.00468    0.1119  0.005802   0.02691
      3/49     3.96G   0.06708  0.006111   0.02423   0.09742        39       320   0.02187   0.08681   0.01242  0.002448    0.1085  0.005992   0.02635
      4/49     3.96G   0.06365  0.006153   0.02283   0.09263        36       320  0.009786   0.05556  0.008824  0.002427    0.1011  0.005842   0.02553
      5/49     3.98G   0.06212  0.006153   0.02222   0.09049        32       320    0.0608   0.05556   0.04493   0.01405    0.1042  0.005145   0.02556
      6/49     3.99G   0.06345  0.006066   0.02214   0.09166        33       320   0.00674   0.04167  0.004873  0.001286    0.1129  0.004876   0.02563
      7/49     3.99G   0.06158  0.005915   0.02153   0.08902        32       320 0.0008973    0.2639 0.0005137 6.506e-05    0.1196  0.004272   0.02665
      8/49     3.99G   0.06583  0.005731    0.0223   0.09386        39       320 0.0001879   0.04167 5.233e-05 5.233e-06    0.1176  0.004807   0.03003
      9/49     3.99G   0.06239  0.005116   0.02122   0.08873        33       320  0.004139    0.1806  0.001792  0.000415    0.1194  0.004198   0.03166
     10/49     3.99G   0.05363  0.004715   0.01778   0.07612        38       320 0.0006678    0.2083 0.0004459 8.835e-05    0.1209   0.01188    0.1605
     11/49     3.99G   0.05787  0.005549   0.01897   0.08239        30       320  0.000141   0.02778 1.635e-05 1.635e-06    0.1318     1.062     1.286
     12/49     3.99G   0.05879  0.005153   0.01967   0.08361        31       320 0.0001211   0.03125 1.634e-05 1.634e-06     0.137  0.006503   0.04243
     13/49     3.99G   0.05986  0.005136   0.02007   0.08507        29       320         0         0         0         0     0.128  0.004088   0.03314
     14/49     3.99G   0.05349  0.005571   0.01892   0.07797        51       320 0.0001574   0.03125 3.616e-05 3.616e-06    0.1386  0.002687   0.03607
     15/49     3.99G   0.05313  0.005294   0.01861   0.07704        34       320 0.0002666   0.03125 4.094e-05 8.188e-06    0.1163  0.005049   0.02752
     16/49     3.99G   0.05633  0.005237    0.0194   0.08097        25       320         0         0         0         0    0.1493     8.489     4.887
     17/49     3.99G    0.0555  0.005322    0.0178   0.07862        33       320         0         0         0         0    0.1415   0.03693   0.06292
     18/49     3.99G   0.04537  0.005499   0.01682   0.06769        36       320 0.0004165    0.1111 0.0002007 4.337e-05    0.1097  0.004945   0.02726
     19/49     3.99G   0.05261  0.005384   0.01873   0.07672        27       320         0         0         0         0    0.1449   0.01838    0.4235
     20/49     3.99G   0.05239  0.005719   0.01866   0.07677        24       320 0.0005269    0.1701 0.0002433 6.465e-05    0.1088  0.004911   0.03893
     21/49     3.99G    0.0428  0.005446   0.01681   0.06506        33       320  0.001429    0.4201  0.002005 0.0004056    0.1017  0.005299   0.02482
     22/49     3.99G   0.04612  0.005621   0.01682   0.06856        43       320    0.7524   0.03125  0.002578  0.000332    0.1074    0.0052   0.02596
     23/49     3.99G   0.04873  0.005623   0.01799   0.07235        30       320         0         0         0         0    0.1347  0.003507   0.02979
     24/49     3.99G   0.06482  0.005404   0.02046   0.09068        30       320 0.0002413   0.09028 6.053e-05 7.054e-06     0.116  0.004314   0.02694
     25/49     3.99G   0.05219  0.005341   0.01745   0.07498        19       320  0.000554    0.1944 0.0003398 4.027e-05    0.1037  0.004971   0.02821
     26/49     3.99G   0.04343  0.005633   0.01604    0.0651        47       320 0.0004874     0.191 0.0002717 6.319e-05    0.1101  0.004726   0.02679
     27/49     3.99G   0.04497  0.005538   0.01613   0.06664        35       320  0.001345    0.5486  0.002224 0.0005739    0.1098  0.004753   0.02472
     28/49     3.99G   0.04655  0.005334   0.01595   0.06783        26       320     0.752   0.08333  0.002785 0.0007248    0.1075   0.00495   0.02321
     29/49     3.99G   0.04324  0.005436   0.01519   0.06387        28       320     0.757   0.04167  0.003182 0.0006894     0.114  0.004607   0.02367
     30/49     3.99G   0.05132  0.005586   0.01659   0.07349        46       320    0.7709   0.04167  0.008734  0.003398    0.1108   0.00477   0.02349
     31/49     3.99G   0.04761  0.005504   0.01634   0.06945        34       320    0.7767   0.04167  0.009705  0.002996   0.09912  0.005331   0.02359
     32/49     3.99G   0.04482  0.005807   0.01511   0.06573        49       320      0.77   0.08333   0.01163  0.003208    0.1027  0.005012   0.02301
     33/49     3.99G   0.05479  0.005796    0.0178   0.07839        31       320    0.7578     0.125  0.007259  0.001793    0.1163  0.003817   0.04648
     34/49     3.99G   0.04366  0.005744   0.01509    0.0645        26       320    0.7794     0.125   0.02024  0.003224    0.1109  0.004266   0.03681
     35/49     3.99G   0.03925  0.006227   0.01386   0.05934        34       320    0.8073     0.125   0.04478  0.005811    0.1055  0.004777   0.02728
     36/49     3.99G   0.04206  0.005996   0.01412   0.06218        32       320    0.8746     0.125    0.1053   0.02461    0.1015  0.005121   0.02361
     37/49     3.99G   0.03968   0.00647   0.01394   0.06009        34       320    0.8484   0.08333   0.09509    0.0366   0.09844   0.00536   0.02263
     38/49     3.99G   0.03681  0.005922    0.0132   0.05593        40       320    0.9112   0.08333    0.1017   0.03814   0.09763  0.005374   0.02245
     39/49     3.99G   0.04043  0.006007   0.01352   0.05996        34       320    0.9986   0.08333      0.13   0.05653   0.09761  0.005337   0.02235
     40/49     3.99G   0.04439  0.006337   0.01429   0.06501        25       320         1    0.1237    0.1883   0.08788   0.09575  0.005416   0.02198
     41/49     3.99G   0.03478  0.006208   0.01268   0.05366        38       320    0.9282     0.125    0.1823   0.08568   0.09171  0.005613   0.02144
     42/49     3.99G   0.03603   0.00599   0.01249   0.05451        37       320    0.1317    0.5417    0.2221   0.08785   0.09059  0.005669   0.02127
     43/49     3.99G   0.03613  0.005445   0.01269   0.05427        27       320    0.1308    0.5104    0.2442    0.1147   0.09262  0.005492   0.02104
     44/49     3.99G   0.03747  0.005881   0.01264   0.05599        33       320    0.1216    0.6285    0.2739    0.1064   0.09366  0.005409   0.02136
     45/49     3.99G   0.03744  0.006161   0.01286   0.05646        35       320         1     0.166    0.2789    0.1374   0.09256   0.00544   0.02121
     46/49     3.99G   0.03893  0.005908   0.01267   0.05751        31       320    0.9999    0.1667    0.2942    0.1292   0.09336  0.005376    0.0214
     47/49     3.99G   0.03414  0.006068   0.01175   0.05196        36       320    0.1421    0.7018    0.3407     0.172   0.08905  0.005496   0.02105
     48/49     3.99G   0.03823  0.006145   0.01209   0.05646        29       320    0.1395    0.7413     0.341    0.1848    0.0899  0.005477   0.02106
     49/49     3.99G   0.03632  0.005737   0.01178   0.05385        24       320    0.9998    0.1667    0.2668     0.136   0.09277  0.005372   0.02147
