      0/49     0.99G   0.06918  0.001369   0.01997   0.09051        28        96  0.001016    0.3194 0.0006261 0.0001011    0.1323  0.001248   0.03057
      1/49     1.04G   0.06853  0.001678   0.01931   0.08951        41        96 0.0007829    0.1667  0.000444   8.8e-05     0.133  0.001573   0.02951
      2/49     1.04G   0.06454  0.001916   0.01873   0.08519        35        96  0.003261   0.02778 0.0008403  0.000155    0.1339  0.001359     0.029
      3/49     1.04G   0.06309  0.001949   0.01825   0.08329        21        96  0.003055   0.04167  0.001125 0.0002466    0.1285  0.002085   0.02702
      4/49     1.04G   0.05794  0.002198   0.01772   0.07787        34        96  0.001476   0.04167 0.0005935 0.0001742    0.1267  0.002134   0.02573
      5/49     1.07G   0.05746  0.002183   0.01653   0.07617        31        96  0.001002    0.1007 0.0002117 3.621e-05    0.1273  0.002067    0.0273
      6/49     1.07G    0.0593   0.00222   0.01573   0.07724        23        96 0.0009676     0.309 0.0007121 0.0001137    0.1391  0.001787   0.02868
      7/49     1.07G   0.05794   0.00209   0.01439   0.07442        42        96 0.0006288    0.1528 0.0003942  6.16e-05    0.1406  0.002019    0.0293
      8/49     1.07G   0.04809  0.001996   0.01219   0.06228        17        96  0.002447   0.05556 0.0007885 0.0001516    0.1362  0.001736   0.03474
      9/49     1.07G   0.05653  0.001879   0.01436   0.07277        36        96 0.0005415    0.1771 0.0002874  6.93e-05    0.1452  0.006614   0.06781
     10/49     1.07G   0.03669  0.001838    0.0102   0.04873        37        96 0.0005473   0.05556 0.0001275 4.346e-05    0.1457  0.002622   0.06047
     11/49     1.07G   0.04929  0.001941   0.01314   0.06438        27        96         0         0         0         0    0.1527     2.717     4.974
     12/49     1.07G   0.04242  0.001933   0.01016   0.05452        25        96  0.002111   0.04167 0.0003502 3.502e-05    0.1525   0.05748    0.4172
     13/49     1.07G   0.03972  0.001927   0.01095    0.0526        29        96  0.001571   0.09722 0.0004131 5.856e-05    0.1466   0.07948    0.2738
     14/49     1.07G   0.03805  0.001886   0.00927   0.04921        24        96  0.001135   0.05556 0.0005445 0.0001363    0.1422  0.001799    0.0334
     15/49     1.07G   0.04497  0.001896   0.01073   0.05759        33        96  0.004756   0.08333  0.003627 0.0008051    0.1393  0.001535   0.04564
     16/49     1.07G    0.0327  0.001917   0.01026   0.04487        25        96  0.007546   0.04167  0.001548 0.0001758    0.1359  0.001711   0.02611
     17/49     1.07G   0.03864  0.001927   0.01031   0.05088        30        96  0.001216   0.03125 0.0002046 2.046e-05    0.1397  0.001788   0.02886
     18/49     1.07G   0.03981  0.001909   0.01026   0.05198        33        96         0         0         0         0    0.1386  0.001795   0.02614
     19/49     1.07G   0.04156  0.001979   0.01059   0.05413        26        96         0         0         0         0    0.1465  0.002121    0.0283
     20/49     1.07G   0.03388  0.001947  0.009861   0.04569        25        96 0.0007152   0.02778 8.492e-05 8.492e-06    0.1521  0.002457    0.3684
     21/49     1.07G   0.04245  0.001972   0.01124   0.05566        38        96 0.0003812    0.1319 0.0001079 1.079e-05    0.1823    0.1284     1.131
     22/49     1.07G   0.03693  0.001892   0.01004   0.04887        34        96  0.004965    0.3403  0.004433 0.0007425    0.1444   0.01098   0.06961
     23/49     1.07G   0.04668  0.002136   0.01176   0.06058        30        96   0.00802     0.309   0.01312  0.002924    0.1332  0.001955   0.02468
     24/49     1.07G   0.03526  0.002311  0.009872   0.04744        37        96    0.2778    0.2639   0.02356  0.005286    0.1307  0.001866   0.02377
     25/49     1.07G   0.03592  0.002261  0.009967   0.04815        31        96   0.03636    0.5069   0.04355   0.00957    0.1301  0.001849   0.02386
     26/49     1.07G   0.02955  0.002351  0.008911   0.04081        48        96   0.05945    0.5035   0.05905  0.008521    0.1278  0.001952   0.02346
     27/49     1.07G   0.03938  0.002304   0.01041    0.0521        29        96   0.08821    0.2708   0.07959   0.01922    0.1272  0.001949   0.02323
     28/49     1.07G   0.03392  0.002259  0.009621    0.0458        35        96  0.007814    0.4514  0.008397  0.001337    0.1289  0.002071   0.02479
     29/49     1.07G   0.03557  0.002327  0.009261   0.04716        28        96    0.0106    0.2917  0.007835  0.002167    0.1291  0.002004   0.02481
     30/49     1.07G   0.03251   0.00228  0.009022   0.04381        17        96   0.02674    0.4514   0.02069  0.005667    0.1276  0.002025   0.02453
     31/49     1.07G   0.03294  0.002308  0.009935   0.04518        30        96   0.02636     0.434   0.04026  0.008793    0.1284  0.001986   0.02463
     32/49     1.07G   0.04132   0.00252   0.01037    0.0542        31        96   0.04471    0.2812   0.02197  0.005948    0.1347  0.002089   0.02366
     33/49     1.07G    0.0367  0.002338  0.009328   0.04837        42        96   0.09466    0.2153   0.07202    0.0177    0.1261  0.002175   0.02342
     34/49     1.07G   0.04017  0.002403  0.009823    0.0524        26        96   0.02049    0.1389   0.01744  0.003311    0.1405  0.002366   0.03612
     35/49     1.07G   0.02748   0.00236  0.008173   0.03802        37        96   0.01084    0.4792   0.01106  0.002359    0.1406  0.002072   0.04057
     36/49     1.07G   0.03935  0.002485   0.00996    0.0518        35        96  0.008216    0.1736  0.005395  0.001037    0.1315   0.00219   0.02885
     37/49     1.07G   0.03758  0.002316  0.009593   0.04949        45        96  0.001433    0.4306 0.0008484 0.0002398    0.1628   0.01137    0.2405
     38/49     1.07G   0.03608   0.00242  0.009602   0.04811        30        96   0.00184    0.1528  0.001612 0.0003006    0.1606  0.007436    0.2084
     39/49     1.07G   0.03401  0.002453  0.008831   0.04529        28        96  0.003122    0.5799  0.002646 0.0005774    0.1582  0.009368    0.2536
     40/49     1.07G    0.0366  0.002361  0.008954   0.04792        37        96   0.01162    0.3229   0.01397  0.002465    0.1498  0.003055    0.1313
     41/49     1.07G    0.0325  0.002447   0.00872   0.04367        26        96    0.1745    0.1944    0.1332   0.02887    0.1419   0.00189   0.04833
     42/49     1.07G   0.03031  0.002635  0.008609   0.04155        38        96    0.1204    0.3229    0.1513   0.04072    0.1384   0.00196   0.03734
     43/49     1.07G    0.0477  0.002642   0.01072   0.06107        23        96    0.1522    0.3472    0.2204   0.05007    0.1351  0.001861   0.02679
     44/49     1.07G     0.039  0.002657  0.009912   0.05157        29        96    0.1687    0.4848    0.2616   0.05826     0.134  0.001859   0.02648
     45/49     1.07G   0.02779  0.002582  0.008498   0.03887        39        96    0.1737     0.441    0.2439   0.04449    0.1337  0.001841   0.02632
     46/49     1.07G   0.03475  0.002586  0.008656   0.04599        32        96    0.2091    0.5556     0.293   0.06173    0.1325  0.001804   0.02635
     47/49     1.07G   0.03892  0.002585  0.009944   0.05145        34        96    0.1899    0.4551    0.2636   0.06892    0.1344  0.001791   0.02883
     48/49     1.07G   0.03804  0.002522  0.009293   0.04986        27        96    0.1956    0.5104    0.2981   0.07632    0.1328  0.001861   0.02877
     49/49     1.07G    0.0355  0.002564  0.009773   0.04784        30        96    0.2431    0.4375       0.3   0.08164    0.1301   0.00183   0.02533
