      0/29     12.2G   0.07442   0.01463   0.02579    0.1148        34       640  0.003887   0.08681  0.001388 0.0001847    0.1233   0.01281   0.02962
      1/29     12.3G   0.06704   0.01174   0.02452    0.1033        31       640   0.01745    0.1007  0.007478  0.001943    0.1172   0.01023   0.02796
      2/29     10.5G   0.06115   0.01087   0.02342   0.09544        32       640   0.01547   0.09028    0.0107  0.002492    0.1053  0.009659   0.02757
      3/29     10.5G   0.05463  0.009931   0.02174   0.08631        24       640   0.04601    0.2014   0.02862  0.006212    0.1043  0.008717   0.02709
      4/29     10.5G   0.05175   0.01002   0.02054   0.08231        35       640    0.1082    0.2014     0.138   0.03001   0.09057  0.009148   0.02328
      5/29     10.5G   0.05455  0.008922   0.02105   0.08452        14       640    0.0965    0.1424   0.09252   0.01967    0.1018  0.008011   0.02338
      6/29     10.5G   0.05341  0.008908   0.02118   0.08349        30       640    0.2768    0.6076     0.372   0.08917    0.0925  0.008137    0.0207
      7/29     10.5G   0.05173  0.008599   0.01965   0.07998        33       640    0.2851    0.5694    0.3058   0.08948    0.0933  0.008638   0.02082
      8/29     10.5G   0.05065  0.008645   0.01936   0.07866        30       640    0.4735    0.5486    0.4894     0.219   0.09053  0.008391   0.01969
      9/29     10.5G   0.05016   0.00747   0.01802   0.07565        39       640    0.7612    0.5034    0.5686    0.1575   0.09374   0.00663   0.01986
     10/29     10.5G   0.04986  0.007417   0.01673   0.07401        21       640    0.8115    0.5392    0.6131    0.1909   0.09549  0.006517   0.01892
     11/29     10.5G   0.05356  0.007371   0.01732   0.07826        33       640    0.3137    0.2743    0.1917   0.08057    0.1109  0.005964   0.02115
     12/29     10.5G   0.04151  0.006617   0.01485   0.06298        39       640    0.6076    0.5136    0.6239    0.2557   0.08765  0.006997   0.01809
     13/29     10.5G   0.04988  0.006468   0.01567   0.07202        28       640    0.8845    0.5411     0.673    0.2275   0.08175  0.007388   0.01843
     14/29     10.5G   0.04866  0.006148   0.01475   0.06955        32       640    0.5181    0.7222    0.6265    0.2706   0.08537  0.007066   0.01756
     15/29     10.5G   0.04871  0.006286   0.01467   0.06967        42       640    0.6868    0.8474    0.8365    0.4755   0.07975   0.00615   0.01742
     16/29     10.5G   0.04688  0.005863   0.01354   0.06629        26       640     0.845    0.8437    0.8943    0.3826   0.08706  0.005471   0.01579
     17/29     10.5G   0.04829  0.005723   0.01242   0.06644        29       640    0.9968    0.6944    0.8569     0.358   0.08636  0.005149    0.0143
     18/29     10.5G   0.04319  0.005472   0.01112   0.05977        39       640    0.5876    0.9679    0.8437    0.3532   0.08586  0.005197   0.01548
     19/29     10.5G   0.03997  0.005335   0.01009   0.05539        41       640    0.8569    0.9718     0.969    0.5428   0.08764  0.005041   0.01418
     20/29     10.5G   0.04822  0.005428   0.01106   0.06471        19       640    0.8168    0.8282    0.8945    0.4153    0.0873  0.005083   0.01344
     21/29     10.5G   0.05107  0.005288   0.01104    0.0674        28       640    0.8238    0.9304    0.9923    0.5504   0.08506  0.004801   0.01241
     22/29     10.5G    0.0461  0.004968    0.0106   0.06167        31       640    0.9052    0.9691    0.9896    0.4815   0.08513  0.004801   0.01275
     23/29     10.5G   0.03887  0.005236  0.008525   0.05263        45       640    0.9295    0.9688    0.9801    0.5752   0.08317  0.004979   0.01226
     24/29     10.5G   0.04747  0.004873   0.01031   0.06265        28       640    0.9106    0.9646    0.9459    0.4807   0.08241  0.005206   0.01277
     25/29     10.5G   0.04187  0.005081  0.009627   0.05657        20       640    0.9896     0.942    0.9923    0.4862   0.08332  0.005278    0.0147
     26/29     10.5G   0.04472  0.005187   0.01078   0.06069        30       640     0.971    0.9901    0.9951    0.5688   0.07894  0.004714   0.01236
     27/29     10.5G   0.04869  0.004909   0.01176   0.06536        29       640     0.944    0.9679    0.9828    0.5474     0.081  0.005109   0.01197
     28/29     10.5G   0.04262  0.005178    0.0102     0.058        38       640    0.9585     0.993    0.9951     0.468   0.08227  0.004635   0.01133
     29/29     10.5G   0.03939  0.004908  0.008993   0.05329        34       640    0.9585    0.9998    0.9951     0.571   0.08074  0.004517   0.01121
