      0/29     11.4G   0.07517   0.01459   0.02542    0.1152        34       640  0.003245   0.08681 0.0009874 0.0001778    0.1234   0.01258   0.02901
      1/29     11.4G   0.06618   0.01178   0.02487    0.1028        31       640   0.01085   0.04167  0.005474  0.001092    0.1111   0.01073   0.02542
      2/29     14.3G   0.06229   0.01086   0.02436    0.0975        32       640    0.3718   0.02778   0.02546  0.006926    0.1007  0.009961   0.02664
      3/29     14.3G   0.05537  0.009949   0.02198    0.0873        24       640   0.09838    0.1415   0.06274   0.01273    0.0898  0.009431   0.02544
      4/29     14.3G   0.05412  0.009752     0.023   0.08688        35       640    0.1442    0.2674    0.1569   0.04005   0.09736  0.009044   0.02261
      5/29     14.3G   0.05485  0.008626   0.02169   0.08516        14       640    0.3355    0.5625    0.3218    0.1094   0.09616  0.009051   0.02363
      6/29     14.3G   0.05475  0.008846   0.01983   0.08343        30       640    0.4859     0.745    0.5476    0.1973   0.09021  0.008665   0.02191
      7/29     14.3G    0.0511  0.008745    0.0195   0.07935        33       640    0.5268    0.5069    0.4859    0.1841   0.06065   0.00861   0.01983
      8/29     14.3G   0.05157  0.008555   0.01939   0.07952        30       640     0.442    0.6458    0.5881    0.2572   0.05403  0.008415   0.01882
      9/29     14.3G   0.04944  0.007799   0.01883   0.07607        39       640    0.6934    0.5826    0.6453    0.2063   0.05994   0.00786   0.01722
     10/29     14.3G   0.04611  0.007536   0.01638   0.07002        21       640    0.5291    0.6424    0.6887    0.2847    0.0584  0.007568    0.0175
     11/29     14.3G   0.05229  0.007531   0.01651   0.07633        33       640    0.5475    0.8446    0.8457    0.4528   0.05253  0.007219   0.01488
     12/29     14.3G    0.0434  0.006485   0.01471    0.0646        39       640    0.6672     0.816    0.8339    0.4536    0.0526  0.006765   0.01471
     13/29     14.3G   0.05428  0.006302   0.01518   0.07576        28       640    0.5632    0.6637    0.6421    0.2613   0.06042  0.006943   0.01458
     14/29     14.3G   0.04743  0.006269   0.01454   0.06824        32       640    0.6976    0.8842    0.8391    0.3143   0.06677  0.006027   0.01401
     15/29     14.3G   0.04587   0.00626   0.01502   0.06714        42       640    0.7137    0.9408    0.9019    0.5307   0.04455  0.006843   0.01421
     16/29     14.3G   0.05652  0.005901   0.01624   0.07866        26       640    0.7145    0.9722    0.8034    0.4935   0.07589  0.006344   0.01653
     17/29     14.3G   0.04883  0.006052   0.01273   0.06761        29       640    0.5887    0.9036     0.924    0.4089   0.04834  0.007699   0.01597
     18/29     14.3G   0.04603  0.005892   0.01217   0.06409        39       640    0.4943    0.8495    0.7027     0.266   0.07606  0.006883   0.01892
     19/29     14.3G   0.04288  0.005554   0.01132   0.05976        41       640    0.8832    0.9319     0.977    0.2854   0.07226  0.006399   0.01657
     20/29     14.3G   0.04753  0.005834   0.01207   0.06544        19       640    0.8965    0.9937    0.9881    0.4836   0.06362  0.006043   0.01417
     21/29     14.3G   0.05092    0.0055   0.01256   0.06898        28       640    0.8881    0.9765    0.9847    0.6098   0.05505  0.006124   0.01382
     22/29     14.3G   0.04163  0.005071   0.00919   0.05589        31       640     0.868    0.9946     0.955    0.4536   0.05324  0.005788   0.01338
     23/29     14.3G   0.03698   0.00513  0.007717   0.04983        45       640    0.9237    0.9898    0.9917    0.5188   0.05033  0.005702   0.01254
     24/29     14.3G   0.04528  0.004994  0.009803   0.06007        28       640    0.9207    0.9722    0.9923    0.5818   0.05274  0.005901   0.01241
     25/29     14.3G   0.04077   0.00515  0.009477    0.0554        20       640    0.9243    0.9994    0.9923    0.5375   0.05154  0.006183   0.01231
     26/29     14.3G   0.04348  0.005209   0.01059   0.05929        30       640     0.768    0.9567    0.9728    0.4998   0.07061  0.006147   0.01578
     27/29     14.3G   0.04919  0.005052    0.0124   0.06665        29       640    0.8859    0.9999    0.9901     0.511   0.07334  0.006175   0.01441
     28/29     14.3G   0.04591  0.005243    0.0109   0.06205        38       640    0.9623     0.999    0.9951    0.5081   0.07388  0.005583   0.01418
     29/29     14.3G   0.03737  0.004917  0.008594   0.05088        34       640    0.9084    0.9276    0.9121    0.5132   0.06903  0.005367   0.01308
