      0/49     0.99G   0.06937  0.001363   0.01996   0.09069        28        96 0.0009365    0.2812 0.0004625 8.093e-05    0.1357   0.00118   0.03023
      1/49     1.04G   0.06672  0.001674   0.01852   0.08691        41        96 0.0009694    0.2778 0.0004931 7.529e-05    0.1308   0.00162    0.0303
      2/49     1.04G   0.06469  0.001969    0.0185   0.08516        35        96  0.001161    0.2674 0.0007889 0.0001892    0.1287  0.002002   0.02598
      3/49     1.04G   0.06247  0.001968   0.01786    0.0823        21        96  0.001313    0.1458 0.0005791 0.0001052     0.126  0.002133   0.02884
      4/49     1.04G   0.06151  0.002161   0.01793    0.0816        34        96    0.0147   0.04167  0.004431 0.0005422    0.1289  0.002053   0.02602
      5/49     1.07G   0.06114  0.002094   0.01653   0.07977        31        96 0.0009528   0.04167 0.0008946 9.707e-05    0.1319  0.001803   0.02965
      6/49     1.07G   0.05712  0.002024   0.01577   0.07491        23        96 0.0002493     0.125 0.0001536 2.538e-05    0.1361  0.001845    0.0304
      7/49     1.07G   0.05234  0.001932   0.01458   0.06886        42        96 7.624e-05   0.04167 1.377e-05 2.754e-06    0.1382  0.001704   0.03055
      8/49     1.07G   0.06043  0.002054   0.01599   0.07848        17        96         0         0         0         0    0.1406  0.001474   0.04636
      9/49     1.07G    0.0534  0.001906   0.01377   0.06908        36        96 0.0001559   0.04167 2.679e-05 5.357e-06    0.1491  0.001352   0.04081
     10/49     1.07G   0.04444  0.001678   0.01194   0.05806        37        96 0.0004478   0.09028 0.0001105 2.574e-05    0.1376  0.001868   0.03005
     11/49     1.07G   0.04289  0.001859   0.01184   0.05658        27        96         0         0         0         0    0.1585   0.01676    0.1403
     12/49     1.07G   0.05209  0.001904   0.01305   0.06704        25        96  0.001178   0.04167  0.001195 0.0001862     0.136  0.005417   0.05646
     13/49     1.07G   0.03749  0.001827   0.01085   0.05016        29        96  0.001926   0.03125 0.0003022  8.42e-05    0.1393  0.006469   0.05985
     14/49     1.07G   0.04554  0.001854   0.01176   0.05916        24        96 0.0002393   0.06944 4.869e-05 2.035e-05    0.1407   0.00178   0.02667
     15/49     1.07G   0.04026  0.001998   0.01059   0.05285        33        96    0.2744   0.02778  0.004114 0.0005109    0.1423  0.001553   0.02518
     16/49     1.07G   0.03876  0.002042   0.01005   0.05085        25        96  0.002104   0.04167 0.0008568  0.000107    0.1376  0.001994    0.1198
     17/49     1.07G   0.03286  0.001986  0.009546   0.04439        30        96  0.001092    0.2743  0.000636 9.589e-05    0.1356  0.001778     0.074
     18/49     1.07G   0.04068  0.002063   0.01233   0.05507        33        96    0.2559   0.02778 0.0009274  0.000105    0.1456  0.001609    0.2198
     19/49     1.07G   0.04205  0.002123   0.01091   0.05509        26        96  0.002344    0.1146  0.001249 0.0002045    0.1409  0.001814    0.2079
     20/49     1.07G   0.03547  0.002093   0.01011   0.04767        25        96   0.09277   0.04167   0.02605  0.002929    0.1353  0.001814   0.03683
     21/49     1.07G   0.05493  0.002287   0.01336   0.07058        38        96   0.03259    0.2396   0.02839  0.006321    0.1366  0.001977   0.02528
     22/49     1.07G   0.03913  0.002186   0.01054   0.05186        34        96    0.7987   0.09028   0.07907   0.02599    0.1348  0.002032   0.02471
     23/49     1.07G   0.04504  0.002366   0.01131   0.05871        30        96   0.02529    0.2743   0.02179    0.0033    0.1328  0.001999   0.02974
     24/49     1.07G   0.03676  0.002442  0.009903    0.0491        37        96   0.01575    0.1111   0.01766  0.003376     0.136  0.001947   0.05431
     25/49     1.07G   0.03924   0.00245   0.01046   0.05215        31        96   0.05829     0.287   0.07425   0.01394    0.1342  0.001869    0.0255
     26/49     1.07G   0.04376  0.002516   0.01132   0.05759        48        96    0.1375    0.2153   0.08282   0.01984     0.134  0.001812   0.02515
     27/49     1.07G   0.04559  0.002533   0.01171   0.05983        29        96    0.5509    0.2218    0.1449   0.02958    0.1324  0.001901   0.02518
     28/49     1.07G   0.03287  0.002418  0.009351   0.04464        35        96    0.1703    0.2188    0.1486   0.03965    0.1294  0.001953   0.03268
     29/49     1.07G   0.04439  0.002636   0.01088   0.05791        28        96   0.07699    0.4653   0.08782   0.01675    0.1323  0.001942   0.05563
     30/49     1.07G   0.03711  0.002417  0.009765   0.04929        17        96   0.09658    0.5977    0.1016   0.01887    0.1327  0.001927   0.05514
     31/49     1.07G   0.04434  0.002453   0.01124   0.05804        30        96    0.3751    0.4514    0.2347   0.05554    0.1288  0.001888   0.03032
     32/49     1.07G   0.04322   0.00262   0.01092   0.05676        31        96    0.3013    0.4582    0.3346   0.09527    0.1292   0.00183   0.02609
     33/49     1.07G   0.03902  0.002456  0.009734   0.05121        42        96    0.3806    0.6791    0.4518    0.1208    0.1284  0.001795   0.02416
     34/49     1.07G   0.03872  0.002584  0.009659   0.05096        26        96    0.2655    0.5833    0.2576   0.07664     0.128  0.001766   0.02443
     35/49     1.07G    0.0336  0.002571  0.009032   0.04521        37        96    0.3398    0.8021     0.344   0.08641    0.1267  0.001797   0.02325
     36/49     1.07G   0.04485  0.002698   0.01146     0.059        35        96    0.3527    0.7014    0.3996    0.1109    0.1264   0.00178   0.02261
     37/49     1.07G   0.03954  0.002572  0.009804   0.05191        45        96    0.3886    0.6253    0.4995    0.1357    0.1262   0.00177   0.02237
     38/49     1.07G   0.03665  0.002683  0.009347   0.04868        30        96    0.2095    0.6806    0.2681   0.08254    0.1308    0.0018   0.03368
     39/49     1.07G   0.03509  0.002727  0.009287    0.0471        28        96    0.2961    0.6331    0.3233    0.1076     0.128   0.00167   0.02225
     40/49     1.07G   0.03884  0.002578  0.009247   0.05066        37        96    0.3974     0.739    0.4956    0.1064    0.1259  0.001658   0.02265
     41/49     1.07G   0.03453  0.002587   0.00883   0.04595        26        96    0.3681    0.8126     0.495    0.1156    0.1251  0.001692   0.02195
     42/49     1.07G   0.03168  0.002671  0.008236   0.04258        38        96    0.3292    0.7743    0.5198    0.1488    0.1238  0.001688    0.0219
     43/49     1.07G   0.05764  0.002633   0.01239   0.07267        23        96    0.3684    0.8438     0.592      0.17    0.1227  0.001675   0.02181
     44/49     1.07G   0.04508  0.002706   0.01004   0.05783        29        96    0.3968     0.816    0.6428    0.2137     0.122   0.00163   0.02227
     45/49     1.07G   0.02742  0.002584  0.007519   0.03752        39        96    0.3994    0.7465    0.6708    0.2354    0.1218  0.001612   0.02219
     46/49     1.07G   0.03792  0.002563  0.009071   0.04956        32        96    0.4487    0.7292    0.6236    0.2333    0.1224  0.001573   0.02135
     47/49     1.07G   0.04628  0.002657     0.011   0.05994        34        96    0.4345    0.7847    0.6066    0.1902    0.1207   0.00164   0.02245
     48/49     1.07G   0.03792  0.002562  0.009131   0.04962        27        96    0.4075    0.6042    0.3786    0.1192     0.129  0.001687    0.1174
     49/49     1.07G   0.05099  0.002495  0.009763   0.06325        30        96      0.49    0.6634    0.6126    0.2066    0.1229  0.001609   0.02115
