      0/79     11.9G   0.07431   0.01464   0.02573    0.1147        34       640  0.003478   0.08681  0.001399 0.0002267    0.1245   0.01262   0.02948
      1/79       12G   0.06683   0.01182   0.02464    0.1033        31       640   0.01038    0.1632  0.009462  0.001868    0.1112   0.01086    0.0263
      2/79     9.92G   0.06081     0.011   0.02329    0.0951        32       640   0.02846   0.09099   0.01984   0.00429    0.1019   0.01028   0.02801
      3/79     11.1G   0.05397   0.01002   0.02078   0.08476        24       640   0.03363   0.03125   0.02224  0.004957    0.1004  0.009161   0.02526
      4/79     11.1G   0.05256  0.009902   0.02014   0.08259        35       640    0.3893    0.5243    0.2522   0.07828   0.08827  0.008936   0.02589
      5/79     11.1G   0.05302  0.008751   0.02052   0.08229        14       640    0.2803    0.6806    0.2664   0.08429   0.08678  0.008439   0.02551
      6/79     11.2G    0.0491  0.008876   0.01835   0.07633        30       640    0.2399    0.5767    0.3855    0.1027   0.08636  0.008219    0.0262
      7/79     11.2G   0.04851   0.00844   0.01759   0.07454        33       640    0.3877    0.7882    0.5064    0.1663   0.08131  0.008209   0.02199
      8/79     13.2G   0.04849  0.008145   0.01599   0.07262        30       640    0.5168    0.7604    0.6245       0.2   0.08552  0.007779   0.01673
      9/79     13.2G   0.04305  0.007004   0.01347   0.06353        39       640    0.9099    0.3731    0.5403     0.277    0.0888  0.007336   0.01653
     10/79     13.2G   0.04773   0.00677   0.01523   0.06973        21       640    0.7687    0.5426    0.6913    0.3608   0.08646  0.007137   0.01597
     11/79     13.2G   0.05286  0.006928    0.0169   0.07669        33       640    0.7478   0.04167   0.04561   0.02164   0.09923  0.008297   0.02203
     12/79     13.2G   0.04122  0.006334   0.01226   0.05981        39       640    0.7761    0.7583    0.8401     0.388   0.08342  0.006705   0.01335
     13/79     13.2G   0.05589  0.006082   0.01458   0.07656        28       640         1    0.1659    0.3162    0.1204   0.09324  0.006825   0.01936
     14/79     13.2G   0.05157  0.005958   0.01384   0.07137        32       640  0.009523   0.06944  0.003309 0.0007303   0.09853  0.006788   0.02616
     15/79     13.2G   0.05873  0.006965   0.01911    0.0848        42       640   0.02795    0.0625   0.01103  0.003061   0.09482  0.008866    0.0232
     16/79     13.2G   0.05727  0.007266   0.01808   0.08262        26       640  0.008879    0.2222  0.008098  0.001842   0.09775   0.00882   0.02238
     17/79     13.2G   0.05307   0.00732   0.01747   0.07786        29       640  0.002204    0.2431  0.001572 0.0003196     0.103    0.0109   0.02568
     18/79     13.2G   0.05723  0.007678   0.01972   0.08463        39       640    0.4372    0.4846    0.5222    0.2141   0.08618  0.007751   0.01843
     19/79     13.2G   0.04918  0.006679    0.0157   0.07156        41       640    0.4276    0.6147    0.4447    0.1858   0.07212   0.00847   0.01755
     20/79     13.2G   0.06058  0.007232   0.01858    0.0864        19       640    0.1846    0.3056    0.1671   0.06258   0.08569  0.009905   0.01977
     21/79     13.2G   0.06135  0.007448   0.01858   0.08738        28       640   0.02224    0.3368   0.01367  0.005786    0.0784   0.01019   0.03075
     22/79     13.2G   0.05467  0.007055   0.01642   0.07815        31       640   0.04885    0.8542   0.05155    0.0162   0.08865   0.01248   0.01667
     23/79     13.2G   0.04677  0.007205   0.01475   0.06872        45       640   0.08608    0.5104     0.143   0.06681   0.07851  0.008069   0.01963
     24/79     13.2G   0.05239  0.006531   0.01533   0.07425        28       640    0.2394    0.6806     0.217    0.1046   0.08611  0.008238   0.01684
     25/79     13.2G   0.05113  0.006523   0.01333   0.07098        20       640  0.006862    0.2986  0.004491  0.001125    0.1047  0.009138   0.02312
     26/79     13.2G   0.06121  0.006671   0.01601   0.08389        30       640 0.0002199   0.04167 7.787e-05 7.787e-06    0.1024  0.009905   0.02734
     27/79     13.2G   0.06634  0.006477   0.01812   0.09093        29       640         0         0         0         0    0.1306    0.4249    0.0291
     28/79     13.2G    0.0605  0.007159   0.01517   0.08283        38       640   0.06207    0.1109   0.00724  0.001449    0.1041   0.03196   0.03165
     29/79     13.2G   0.05135  0.006632   0.01416   0.07214        34       640    0.4799    0.6816    0.5788    0.2521   0.06367  0.008464   0.01874
     30/79     13.2G   0.04821  0.006236   0.01274   0.06718        38       640    0.6016    0.7743    0.7429    0.3239   0.06403  0.007251   0.01498
     31/79     13.2G    0.0496  0.006464    0.0139   0.06997        25       640    0.6605    0.6424    0.7065    0.3885   0.07439  0.006605   0.01178
     32/79     13.2G   0.05474  0.005989   0.01413   0.07486        30       640     0.744    0.7861     0.798    0.5268    0.0693  0.006559   0.01103
     33/79     13.2G   0.03384  0.006209    0.0097   0.04975        32       640    0.8406    0.8262     0.911    0.5398   0.07316  0.006393   0.01084
     34/79     13.2G   0.05723   0.00586   0.01284   0.07593        29       640    0.7207    0.7903    0.8606    0.4516   0.07098  0.006058    0.0105
     35/79     13.2G   0.04753  0.005991   0.01117    0.0647        26       640    0.2899    0.4062    0.3328    0.1364   0.06914   0.00856   0.01552
     36/79     13.2G   0.04726  0.005945   0.01089    0.0641        26       640    0.6469    0.5688    0.5812     0.263   0.07158  0.008563   0.01548
     37/79     13.2G   0.04506  0.006032   0.01059   0.06169        35       640    0.9903    0.7849    0.9659     0.613   0.05803  0.006365   0.01019
     38/79     13.2G   0.04917  0.006042   0.01088   0.06609        32       640   0.03401    0.1389   0.04776   0.02129    0.0834   0.01065   0.01815
     39/79     13.2G   0.04879  0.005427   0.01147   0.06568        28       640     0.953    0.9853    0.9951    0.6173    0.0528  0.006172   0.01066
     40/79     13.2G   0.04862  0.005526   0.01127   0.06542        33       640    0.8773     0.913    0.9419     0.495    0.0574  0.005816   0.01083
     41/79     13.2G   0.04209  0.005478  0.009115   0.05668        42       640    0.8873    0.8965    0.8931    0.4937    0.0528  0.005564   0.01063
     42/79     13.2G   0.05701  0.005563   0.01291   0.07548        45       640    0.9025    0.9218     0.927    0.3969   0.05785  0.006091   0.01066
     43/79     13.2G   0.04524  0.004859   0.01058   0.06068        30       640     0.998    0.9015    0.9443    0.5126   0.05528  0.007733   0.01108
     44/79     13.2G   0.03246  0.005027  0.006797   0.04429        41       640    0.8683    0.9245    0.9327    0.4461   0.06123  0.006726   0.01123
     45/79     13.2G   0.04598  0.005242   0.01025   0.06147        29       640    0.9191    0.8745    0.9481    0.5246   0.05691  0.006595   0.01182
     46/79     13.2G   0.04303  0.005272  0.008505    0.0568        44       640    0.9784    0.9765     0.995    0.5832   0.05521  0.005928   0.01164
     47/79     13.2G   0.03686  0.005114  0.008078   0.05006        27       640    0.9799         1    0.9951    0.5977   0.06147  0.005314   0.01097
     48/79     13.2G   0.04172  0.005165  0.009754   0.05664        39       640    0.8505    0.9722    0.9713    0.5356   0.05885  0.005873   0.01018
     49/79     13.2G   0.02961  0.004966   0.00545   0.04003        26       640    0.9834    0.9796     0.995     0.542   0.06533  0.005761   0.01011
     50/79     13.2G   0.04159   0.00494  0.008809   0.05534        24       640    0.9296    0.9999    0.9951    0.5006   0.06825  0.005064  0.009857
     51/79     13.2G   0.03678  0.004877  0.007153    0.0488        39       640     0.977    0.9963    0.9951    0.5743   0.06823  0.004744  0.009633
     52/79     13.2G   0.03794  0.004756  0.006407    0.0491        37       640     0.934    0.9908    0.9881    0.5068   0.06902  0.005057  0.009525
     53/79     13.2G   0.04045  0.004697  0.007531   0.05268        30       640    0.9839    0.9755    0.9951    0.5131     0.068  0.005336  0.009321
     54/79     13.2G   0.04139  0.004564  0.007858   0.05381        26       640    0.9953    0.9598    0.9951    0.6107    0.0637  0.005286  0.008996
     55/79     13.2G   0.04086   0.00463  0.008566   0.05406        31       640    0.9629     0.988    0.9895     0.534   0.07018  0.006197  0.009006
     56/79     13.2G   0.04602   0.00481  0.009176   0.06001        22       640    0.9794    0.9535    0.9901    0.5621   0.05881  0.005828  0.008346
     57/79     13.2G   0.04325  0.004932  0.009047   0.05722        32       640      0.97    0.9544    0.9901     0.568   0.04888  0.005864  0.007766
     58/79     13.2G   0.03625  0.004601  0.006898   0.04775        26       640    0.9884    0.9832    0.9952    0.5869   0.04933  0.005057  0.007124
     59/79     13.2G   0.03699  0.004324  0.007646   0.04896        26       640    0.9846    0.9687    0.9892     0.534   0.05075  0.004949  0.007252
     60/79     13.2G   0.03653  0.004678  0.006358   0.04757        27       640    0.9802    0.9744    0.9952    0.5946   0.05026  0.004871  0.007739
     61/79     13.2G   0.03923   0.00435  0.006782   0.05037        33       640    0.9904     0.949    0.9952    0.5791   0.05068  0.004948   0.00816
     62/79     13.2G   0.03092  0.004392  0.006151   0.04146        30       640    0.9689    0.9603    0.9952    0.5697   0.05023  0.005145  0.008109
     63/79     13.2G   0.03679  0.004782  0.006978   0.04855        35       640    0.9835    0.9878    0.9951    0.6211   0.04947  0.005061  0.008019
     64/79     13.2G   0.02974   0.00456  0.005536   0.03983        27       640    0.9867    0.9788    0.9951    0.5618   0.05113  0.005172  0.008071
     65/79     13.2G   0.03271  0.004537  0.006009   0.04326        24       640    0.9882     0.981    0.9952    0.5971   0.05163  0.005134  0.008055
     66/79     13.2G   0.03886  0.004553  0.007474   0.05088        35       640    0.9695    0.9978    0.9952    0.5731   0.05289  0.005168  0.008272
     67/79     13.2G   0.03531  0.004667  0.007844   0.04782        35       640    0.9812     0.984    0.9952    0.5995   0.05143  0.005157  0.008238
     68/79     13.2G   0.03479  0.004749  0.007848   0.04739        43       640    0.9817    0.9896    0.9952    0.5705   0.05061  0.005113  0.007991
     69/79     13.2G   0.03904  0.004531  0.008162   0.05174        31       640    0.9838    0.9872    0.9952    0.5546   0.05122  0.005007  0.007659
     70/79     13.2G   0.04104  0.004504  0.008367   0.05391        33       640    0.9822     0.995    0.9952    0.5884   0.05139  0.005057  0.007469
     71/79     13.2G   0.03266   0.00483  0.006702    0.0442        29       640    0.9854    0.9907    0.9952    0.5637   0.05147   0.00503  0.007432
     72/79     13.2G   0.03441   0.00448  0.007417   0.04631        36       640    0.9764    0.9963    0.9952    0.5792   0.05027  0.005114   0.00764
     73/79     13.2G   0.03734  0.004415  0.007884   0.04964        42       640    0.9755    0.9933    0.9952    0.5822   0.05127  0.005078  0.007637
     74/79     13.2G   0.03351  0.004165   0.00707   0.04475        28       640     0.974         1    0.9952     0.576   0.05192  0.005028  0.007656
     75/79     13.2G   0.03318  0.004279  0.005688   0.04314        32       640    0.9677    0.9967    0.9952    0.6153   0.05233  0.004989  0.007846
     76/79     13.2G   0.03543  0.004452  0.007445   0.04732        20       640    0.9859    0.9904    0.9952    0.6063   0.05383   0.00493  0.007883
     77/79     13.2G   0.03098  0.004347  0.007391   0.04271        27       640    0.9868    0.9999    0.9952    0.6165   0.05344  0.004813  0.007766
     78/79     13.2G   0.03234  0.004571  0.006518   0.04343        42       640    0.9906         1    0.9952     0.577   0.05481  0.004791  0.007595
     79/79     13.2G   0.03849  0.004631  0.008027   0.05115        27       640    0.9908         1    0.9952    0.6007    0.0527  0.004836   0.00753
