      0/79     2.27G   0.04427    0.0139   0.02686   0.08503        25       640    0.1228    0.6864    0.1543    0.1056   0.01038  0.007052   0.01127
      1/79     10.1G   0.04297   0.01114     0.025   0.07911        29       640 7.378e-05   0.02306 4.508e-06 2.878e-06    0.0279   0.05663   0.01231
      2/79     10.1G   0.04443   0.01138   0.02517   0.08097        20       640         0         0         0         0   0.05003       187    0.1587
      3/79     10.1G    0.0379   0.01044    0.0199   0.06824        20       640 0.0002874   0.08876 5.669e-05 1.267e-05   0.03939  0.008597   0.01051
      4/79     10.1G   0.03629    0.0104    0.0203   0.06699        29       640   0.01501     0.317   0.02176   0.00543   0.03105  0.003548   0.01093
      5/79     10.1G    0.0363   0.01118   0.01917   0.06664        32       640   0.05805    0.1208   0.02682   0.01348   0.03087   0.03064    0.5228
      6/79     10.1G   0.03115    0.0105   0.01804   0.05969        44       640   0.02029    0.2316   0.01768  0.002978   0.03123  0.008916   0.02375
      7/79     10.1G    0.0246  0.009952   0.01624   0.05079        49       640    0.0415    0.2772   0.03227  0.007004   0.02811  0.003461   0.02275
      8/79     10.1G   0.02952  0.009913   0.01829   0.05773        35       640    0.2797    0.4526    0.1463   0.09442  0.006846  0.003973   0.01046
      9/79     10.1G   0.02928  0.009257   0.01863   0.05717        30       640    0.3614    0.5155    0.1783    0.1398   0.01023  0.003415   0.01047
     10/79     10.1G   0.02755   0.00902   0.01921   0.05579        23       640    0.3923    0.5414    0.1916    0.1232   0.01014  0.003043   0.01072
     11/79     10.1G   0.03182  0.009093   0.02229    0.0632        23       640    0.2928    0.5508    0.2069     0.193  0.006248   0.00317   0.01045
     12/79     10.1G    0.0293  0.008892   0.02081     0.059        29       640     0.274    0.5518    0.1546   0.08859  0.008824  0.003034   0.01043
     13/79     10.1G   0.02836  0.008727   0.02109   0.05817        31       640   0.09828    0.6314    0.1302   0.09897  0.006539  0.004711    0.0107
     14/79     10.1G   0.03276  0.008773   0.02234   0.06387        35       640     0.402    0.2148    0.1187    0.0364   0.01535   0.00384   0.01012
     15/79     10.1G   0.03047  0.008604   0.02136   0.06044        25       640     0.154    0.7257    0.2072    0.1665  0.005867  0.002667   0.01052
     16/79     10.1G   0.02889  0.008355   0.02192   0.05917        38       640    0.2611    0.6866    0.1883    0.1367  0.006352  0.002646   0.01043
     17/79     10.1G   0.03337  0.008215   0.02233   0.06392        32       640    0.1558    0.8528     0.245    0.2219    0.0035  0.002635   0.01018
     18/79     10.1G   0.02905  0.007982   0.02116    0.0582        28       640    0.1333    0.5234       0.2     0.127   0.01043  0.003632   0.01005
     19/79     10.1G   0.03213  0.008076   0.02205   0.06225        28       640    0.1476    0.8316    0.2693    0.2381  0.004014  0.003298   0.01007
     20/79     10.1G    0.0292  0.007902   0.02087   0.05797        33       640      0.38    0.4556    0.2664    0.2015  0.004936  0.002968   0.01026
     21/79     10.1G   0.02839  0.007874   0.02059   0.05685        33       640    0.1628    0.8682    0.2654    0.2296  0.005257  0.002779   0.01025
     22/79     10.1G   0.02732  0.008227   0.02015    0.0557        23       640    0.2882    0.5839    0.2803    0.2389  0.005691  0.002894   0.01007
     23/79     10.1G   0.02801   0.00779   0.02128   0.05709        35       640    0.3025     0.634    0.2575    0.2382  0.003511  0.002194   0.01008
     24/79     10.1G   0.02636  0.007799   0.02047   0.05464        33       640    0.4541     0.523    0.2975    0.2388  0.005723  0.002805  0.009744
     25/79     10.1G   0.02781  0.007846   0.02082   0.05647        24       640    0.2177    0.6893    0.3201    0.2534  0.004036  0.002891  0.009462
     26/79     10.1G   0.02388   0.00782   0.02001   0.05171        30       640    0.1978    0.8827    0.3835    0.3154  0.004503   0.00254  0.009107
     27/79     10.1G   0.02673  0.007707   0.02095   0.05539        19       640    0.2948    0.5824    0.4037    0.3277  0.005431   0.00252  0.009126
     28/79     10.1G   0.02578  0.007904   0.02105   0.05474        30       640    0.1916    0.7929    0.3655    0.2977  0.004156  0.002737  0.009305
     29/79     10.1G   0.02488  0.007764   0.02085   0.05349        25       640    0.1732    0.8461    0.4016    0.3094  0.004838  0.002605  0.008952
     30/79     10.1G   0.02481  0.007424   0.02042   0.05265        24       640    0.6206    0.4926     0.384    0.2925  0.004687  0.002544  0.008964
     31/79     10.1G   0.02544  0.007707   0.02048   0.05363        43       640    0.2394    0.7306    0.3976    0.3657  0.004159   0.00225  0.008959
     32/79     10.1G   0.02453   0.00779   0.02035   0.05267        35       640    0.6516     0.249    0.3537    0.2841   0.01141   0.00296   0.00882
     33/79     10.1G    0.0252  0.007649   0.02021   0.05306        39       640    0.2824    0.6701    0.3676    0.2853  0.005499  0.002545   0.00906
     34/79     10.1G   0.02767  0.007206   0.02092    0.0558        36       640    0.6596    0.4506    0.4583    0.3908  0.004185  0.002242  0.008414
     35/79     10.1G   0.02277  0.007451    0.0204   0.05062        20       640    0.6724    0.4207    0.3822    0.2975  0.005399  0.002786  0.009006
     36/79     10.1G   0.02609   0.00753   0.02072   0.05435        26       640    0.6725    0.3937    0.4355    0.3914  0.003194  0.002468  0.008493
     37/79     10.1G   0.02427  0.007278   0.02093   0.05247        30       640    0.7343    0.3834    0.4181    0.3506  0.004237  0.003046  0.008414
     38/79     10.1G   0.02217  0.007688   0.01964    0.0495        36       640    0.1281    0.7734     0.255    0.1841   0.01288   0.00311  0.009222
     39/79     10.1G   0.01968  0.007694   0.01937   0.04675        34       640    0.6907    0.4366    0.4718    0.3882  0.004321  0.002608   0.00795
     40/79     10.1G    0.0226  0.007393   0.02055   0.05054        32       640    0.6796    0.4185    0.4899    0.4229  0.003452  0.002502  0.008088
     41/79     10.1G   0.02056  0.007273   0.01994   0.04777        31       640     0.557    0.5202     0.458    0.3729   0.00383  0.002363  0.007945
     42/79     10.1G    0.0208  0.007609   0.01927   0.04768        35       640    0.7769    0.5113    0.5398    0.4795  0.003434  0.002255  0.007803
     43/79     10.1G    0.0195  0.007605   0.01887   0.04598        37       640    0.7736    0.4419    0.4875    0.4107  0.003339  0.002953  0.007697
     44/79     10.1G   0.02375  0.008452   0.02004   0.05224        25       640    0.6554    0.3099    0.3188     0.195  0.009367  0.003057  0.008533
     45/79     10.1G   0.02361  0.008124   0.01996   0.05169        22       640    0.7724    0.3869    0.5158    0.3997  0.005923  0.002332  0.007794
     46/79     10.1G   0.02044  0.007837   0.01929   0.04757        24       640    0.5927    0.5281    0.4014    0.2808  0.006248  0.002992  0.008727
     47/79     10.1G   0.01955  0.007952   0.01986   0.04737        30       640    0.7669    0.3234    0.4686    0.3892  0.004992  0.002816  0.008281
     48/79     10.1G   0.02074  0.007557   0.01921   0.04752        43       640    0.5388    0.6502    0.5901    0.5483  0.003022  0.002228  0.007703
     49/79     10.1G   0.01964  0.007227   0.01911   0.04597        25       640    0.8229    0.4522     0.588    0.5318  0.003282  0.002105  0.007586
     50/79     10.1G   0.01814  0.007104   0.01867   0.04392        37       640    0.7934    0.4391    0.6499     0.562  0.003734  0.002076  0.006774
     51/79     10.1G   0.01874   0.00738   0.01893   0.04506        26       640    0.8338    0.4512    0.6211    0.5721  0.003224  0.002082  0.006683
     52/79     10.1G   0.01822  0.007039   0.01905   0.04431        31       640     0.814    0.4729    0.5721    0.4903  0.004196  0.001929  0.006946
     53/79     10.1G   0.01868  0.007024   0.01914   0.04484        30       640    0.2736     0.812    0.5788    0.5369  0.003787  0.002265  0.007514
     54/79     10.1G   0.01903  0.006947   0.01939   0.04537        20       640      0.33    0.7816    0.6449    0.6114  0.003378  0.002027  0.006902
     55/79     10.1G   0.01923  0.007057   0.01896   0.04525        28       640     0.282    0.8886    0.6501    0.6032   0.00321  0.002188  0.006743
     56/79     10.1G   0.01644   0.00686   0.01877   0.04207        36       640    0.8187    0.4956    0.6838    0.6293   0.00338  0.002296  0.006515
     57/79     10.1G    0.0179  0.006876   0.01903   0.04381        25       640    0.3823    0.8585    0.6028      0.58  0.002563  0.002044  0.006803
     58/79     10.1G   0.01612  0.006574   0.01815   0.04085        23       640    0.7253    0.5999    0.6713    0.6499  0.002575  0.001821  0.006504
     59/79     10.1G    0.0172  0.006896   0.01888   0.04298        20       640    0.6949      0.62    0.7064    0.6549  0.003203   0.00208  0.006275
     60/79     10.1G   0.01736  0.006848    0.0188     0.043        26       640    0.6739    0.6356    0.6862    0.6443  0.002899  0.002034   0.00608
     61/79     10.1G   0.01698  0.006926   0.01889    0.0428        40       640    0.3669    0.8097    0.6559    0.6177  0.002688  0.002033  0.006264
     62/79     10.1G   0.01851  0.006988   0.01914   0.04464        36       640    0.7711    0.5632    0.6703    0.6213  0.002883  0.002038  0.006206
     63/79     10.1G   0.01557  0.006647   0.01833   0.04055        29       640    0.6903     0.621    0.6368    0.5861  0.003157  0.002084  0.006216
     64/79     10.1G   0.01507  0.006726   0.01771    0.0395        33       640    0.8479    0.4686     0.593    0.5372  0.003296   0.00207  0.006362
     65/79     10.1G    0.0169  0.006504   0.01858   0.04198        27       640    0.6007    0.6217    0.6192    0.5584   0.00335  0.002425  0.006831
     66/79     10.1G   0.01672  0.006765   0.01849   0.04198        22       640    0.7025    0.5044    0.5096    0.4377  0.003972    0.0028  0.007998
     67/79     10.1G   0.01366  0.006317   0.01775   0.03773        28       640    0.5954    0.6542    0.6806    0.6235  0.003454  0.002005  0.005822
     68/79     10.1G   0.01604  0.006546    0.0183   0.04089        36       640    0.3538     0.809    0.6562    0.5938  0.003629  0.002394  0.006721
     69/79     10.1G   0.01509  0.006431    0.0179   0.03942        32       640    0.6279    0.5594    0.5863    0.5441  0.003306  0.002057  0.006849
     70/79     10.1G   0.01393  0.006484    0.0175   0.03791        32       640    0.5259    0.5792    0.4802    0.4313  0.003353   0.00211  0.008121
     71/79     10.1G   0.01523  0.006747   0.01783    0.0398        34       640     0.718    0.6432    0.7188    0.6652    0.0031   0.00198  0.005435
     72/79     10.1G   0.01497  0.006574   0.01757   0.03911        21       640    0.7091    0.6137    0.6919    0.6306  0.003296  0.001951  0.005925
     73/79     10.1G   0.01379  0.006433    0.0175   0.03772        43       640    0.6277    0.6114    0.6802    0.6338  0.002949  0.001857  0.005654
     74/79     10.1G   0.01456  0.006326   0.01774   0.03862        38       640    0.5724    0.6154    0.6561     0.597  0.003368  0.001854  0.006157
     75/79     10.1G   0.01291  0.006268   0.01718   0.03636        32       640    0.5999    0.6504    0.6717    0.6143  0.003398  0.001904  0.006304
     76/79     10.1G   0.01546  0.006351   0.01841   0.04021        35       640    0.6944    0.5827    0.6562    0.6121  0.002857  0.001936  0.006059
     77/79     10.1G    0.0152  0.006112   0.01812   0.03943        34       640    0.7125    0.5692    0.6205    0.5666  0.003281  0.002037  0.006673
     78/79     10.1G   0.01157  0.006177   0.01687   0.03462        30       640    0.5741    0.6593    0.6819    0.6389   0.00286  0.001965  0.006054
     79/79     10.1G    0.0143   0.00613   0.01809   0.03852        32       640    0.0531    0.3302   0.07217   0.02643  0.008877  0.003666   0.01026
