      0/49    0.778G   0.04788  0.006276   0.02517   0.07933        50        96    0.2503    0.5107    0.1064   0.02659   0.09573  0.003516    0.0336
      1/49     1.05G   0.02921  0.005984   0.02035   0.05555        38        96    0.1359   0.04149   0.03318   0.01623    0.0996  0.004095    0.1072
      2/49     1.05G   0.02079  0.005666   0.01982   0.04627        40        96   0.02276    0.5731   0.02696   0.01148    0.0843  0.008481    0.2154
      3/49     1.05G   0.01602  0.005321   0.01894   0.04028        38        96   0.08872    0.8878    0.1138    0.1008   0.07417  0.002222   0.05732
      4/49     1.05G   0.01458    0.0052   0.01864   0.03843        40        96   0.02929    0.7291   0.05048   0.02701    0.1076  0.006253    0.5026
      5/49     1.05G   0.01309  0.005181    0.0184   0.03667        39        96   0.08512    0.8776    0.1769    0.1265   0.07005  0.002269   0.03913
      6/49     1.05G   0.01285  0.005639   0.01788   0.03637        60        96   0.08921     0.571    0.1366    0.0738   0.07921  0.002094   0.05555
      7/49     1.05G   0.01226  0.005726   0.01759   0.03557        40        96   0.08516    0.4697    0.1098   0.07708   0.06766  0.004098    0.1071
      8/49     1.05G   0.01106  0.005744   0.01715   0.03396        42        96     0.534    0.3151    0.1671   0.07558   0.07687  0.002335   0.03752
      9/49     1.05G   0.01074  0.005587   0.01691   0.03324        48        96    0.1025    0.6956    0.1845    0.1167   0.07243  0.002606   0.03632
     10/49     1.05G   0.01071  0.005485    0.0166   0.03279        48        96   0.08764    0.3889    0.1125   0.04372   0.08891  0.003266   0.05545
     11/49     1.05G   0.01009  0.005433   0.01643   0.03196        53        96    0.3153    0.3359    0.2135    0.1573   0.06502  0.002289   0.04029
     12/49     1.05G    0.0101    0.0053   0.01616   0.03155        43        96   0.03688    0.3216   0.04534   0.01835   0.09478   0.01184    0.7154
     13/49     1.05G  0.009551  0.005306   0.01583   0.03068        42        96    0.5879    0.4247    0.2444    0.1443   0.07356   0.00234   0.03546
     14/49     1.05G   0.01144   0.00555    0.0162   0.03319        41        96   0.07211    0.4799    0.1081   0.07143   0.07511  0.003686    0.1073
     15/49     1.05G   0.01104   0.00548   0.01604   0.03256        59        96    0.3879    0.3521    0.3378    0.2481   0.06251  0.002192   0.03586
     16/49     1.05G  0.009597  0.005332   0.01553   0.03046        43        96    0.6566    0.3774    0.3871    0.3094   0.06424  0.002016   0.03498
     17/49     1.05G   0.01031  0.005247   0.01555    0.0311        39        96    0.6163    0.3694    0.3815    0.3089   0.06516  0.002098   0.03499
     18/49     1.05G  0.009795   0.00516   0.01536   0.03031        38        96    0.3223    0.4732    0.3318    0.2283   0.07054  0.002098   0.05222
     19/49     1.05G  0.008698  0.005171   0.01503    0.0289        45        96    0.4168    0.6414    0.4296    0.3955   0.06212  0.001806   0.04401
     20/49     1.05G  0.009049  0.005136   0.01493   0.02911        71        96     0.392     0.639     0.409    0.3245    0.0674  0.002141   0.04291
     21/49     1.05G   0.00881  0.005029   0.01485   0.02869        38        96    0.3749    0.7114    0.4431     0.413    0.0605   0.00192   0.04149
     22/49     1.05G  0.008763  0.005072   0.01474   0.02858        49        96    0.5669    0.6339    0.5149    0.4453   0.06548  0.001939   0.04214
     23/49     1.05G  0.008458  0.004934   0.01465   0.02804        48        96    0.4961    0.6431    0.4767    0.4096   0.06453  0.001743   0.03959
     24/49     1.05G  0.008015  0.004921   0.01432   0.02725        41        96    0.4912    0.6752    0.5097    0.3646   0.07071  0.002286   0.03836
     25/49     1.05G  0.007931  0.004903   0.01418   0.02702        30        96    0.5611    0.5931    0.5326    0.4189   0.06455  0.002167   0.03319
     26/49     1.05G  0.007978  0.004891   0.01419   0.02706        50        96    0.5592    0.6069    0.5517    0.4744   0.06583  0.002035   0.03488
     27/49     1.05G  0.008266  0.004836     0.014   0.02711        39        96    0.6066    0.6333    0.5548    0.5148   0.06004  0.001875   0.03359
     28/49     1.05G  0.007265  0.004815   0.01376   0.02584        36        96    0.3488    0.6836     0.538    0.4281   0.06959  0.002226   0.03523
     29/49     1.05G  0.007737  0.004823   0.01387   0.02643        38        96    0.6362    0.5428    0.5621    0.4569   0.06561  0.002092    0.0326
     30/49     1.05G  0.007182  0.004818   0.01367   0.02567        39        96    0.4092    0.7473    0.5639    0.4921   0.06186  0.001942   0.03182
     31/49     1.05G  0.007436  0.004803   0.01361   0.02585        40        96    0.6993    0.5854    0.5671    0.5027   0.06103  0.002053    0.0326
     32/49     1.05G  0.006942  0.004798   0.01343   0.02517        26        96    0.6538    0.5977    0.5627    0.4535   0.06675  0.002251   0.03201
     33/49     1.05G  0.007242  0.004744   0.01324   0.02523        41        96    0.6598    0.5901    0.6078    0.5387   0.06382  0.002179   0.03187
     34/49     1.05G  0.007075   0.00472   0.01317   0.02497        39        96    0.3416    0.6693    0.5719     0.483   0.06496  0.002423   0.03401
     35/49     1.05G  0.007194  0.004673   0.01306   0.02492        54        96    0.4445    0.7116    0.6438    0.5696   0.06271  0.002129   0.03354
     36/49     1.05G  0.007131  0.004645   0.01293   0.02471        48        96    0.7196    0.5898      0.64    0.5776   0.06305  0.002277   0.03247
     37/49     1.05G  0.007075  0.004655   0.01277    0.0245        44        96    0.4601    0.7305    0.6472    0.5687   0.06188  0.002271   0.03267
     38/49     1.05G   0.00696  0.004613   0.01277   0.02434        47        96    0.5771    0.5976     0.591    0.5176    0.0626  0.002084   0.03467
     39/49     1.05G  0.006572  0.004598   0.01253    0.0237        39        96    0.4804    0.6911    0.6534    0.5841   0.06237  0.001948   0.03449
     40/49     1.05G  0.006151  0.004505   0.01226   0.02292        46        96    0.4496    0.7055    0.6779    0.5787   0.06446  0.002064   0.03271
     41/49     1.05G  0.006493  0.004607   0.01232   0.02342        58        96    0.5352    0.6378    0.6566    0.5406   0.06742  0.002129   0.03235
     42/49     1.05G   0.00639  0.004464   0.01215   0.02301        40        96     0.482    0.6588    0.6385    0.5196   0.06647  0.002187   0.03277
     43/49     1.05G  0.006649  0.004561   0.01219    0.0234        48        96    0.6289    0.6492    0.6619    0.5755   0.06092  0.002105   0.03139
     44/49     1.05G  0.006838  0.004439    0.0123   0.02358        36        96      0.71    0.6346    0.7084    0.6227   0.06184  0.002061   0.03166
     45/49     1.05G  0.006623  0.004377   0.01205   0.02305        38        96    0.6202    0.6671    0.7208    0.6407   0.06073  0.002072   0.03049
     46/49     1.05G  0.006284  0.004391   0.01174   0.02241        44        96     0.685    0.6254    0.6814    0.5695    0.0645  0.002248   0.03082
     47/49     1.05G  0.006698  0.004477   0.01189   0.02306        40        96    0.6074    0.6763    0.7108    0.6197   0.06293  0.002191    0.0309
     48/49     1.05G   0.00659  0.004468   0.01206   0.02312        44        96    0.4986    0.6274     0.566    0.4616   0.06633  0.002455   0.03396
     49/49     1.05G  0.006429  0.004526   0.01205     0.023        45        96    0.4254    0.6745    0.5931    0.5053   0.06332  0.002206   0.03726
