      0/49      1.2G   0.04331  0.009649   0.02797   0.08093        36       320     0.186    0.6056    0.1869    0.1323   0.01812   0.00271    0.0145
      1/49     3.21G   0.03178    0.0088    0.0238   0.06438        47       320  0.002319    0.2326  0.001337 0.0003027   0.04332    0.2236   0.01688
      2/49     3.21G    0.0232  0.008528   0.02165   0.05338        37       320    0.5457    0.4467    0.1836    0.1581   0.02157  0.002329   0.01444
      3/49     3.77G   0.01795  0.008587   0.02004   0.04658        46       320    0.2809    0.7214    0.2484    0.2242   0.01078   0.00241   0.01401
      4/49     3.77G   0.01642  0.008111    0.0194   0.04393        41       320     0.153    0.8528    0.3152    0.2704  0.009211  0.002043     0.014
      5/49     3.77G   0.01451  0.007692   0.01801   0.04021        50       320    0.1665    0.7624    0.3258    0.2601   0.01213  0.002317   0.01311
      6/49     3.77G   0.01517  0.007434   0.01733   0.03994        57       320    0.6846    0.4792    0.4762    0.4075  0.008112  0.002724   0.01199
      7/49     3.77G   0.01457  0.007203   0.01696   0.03873        51       320    0.7276    0.3996     0.422    0.3688  0.007249  0.002376     0.012
      8/49     3.77G   0.01777  0.007882   0.01818   0.04383        47       320    0.2332    0.6373    0.4173    0.3658   0.01394  0.002148   0.01237
      9/49     3.77G    0.0178  0.007809   0.01799   0.04359        61       320    0.3328    0.6661    0.5021    0.4537   0.01198  0.002306   0.01101
     10/49     3.77G   0.01817  0.007579   0.01763   0.04338        44       320    0.2431    0.5836    0.3532    0.2733  0.009187  0.002336   0.01232
     11/49     3.77G   0.01677  0.007499   0.01718   0.04146        51       320    0.3699    0.6354    0.5565    0.4925  0.006619  0.002365   0.01092
     12/49     3.77G     0.017  0.007119   0.01659   0.04071        45       320    0.6002    0.6427     0.619    0.5255  0.006608  0.002331  0.009586
     13/49     3.77G   0.01714  0.006989   0.01632   0.04045        38       320    0.5557    0.7365    0.6742    0.5789  0.007009  0.002422  0.008507
     14/49     3.77G   0.01752  0.006851   0.01617   0.04054        57       320    0.4936    0.8083    0.6753    0.5965  0.005858  0.002518  0.008846
     15/49     3.77G   0.01738  0.006732   0.01612   0.04023        54       320    0.5565    0.9002     0.737    0.6381  0.006281  0.002722   0.00893
     16/49     3.77G    0.0162  0.006636   0.01534   0.03817        51       320    0.5307     0.867    0.7435    0.6607  0.006362  0.002251  0.008978
     17/49     3.77G   0.01783   0.00654   0.01606   0.04043        52       320    0.6476     0.775    0.7772    0.6817   0.00671  0.002729  0.007907
     18/49     3.77G   0.01858  0.006546   0.01613   0.04125        38       320    0.6129    0.7409    0.7701    0.6624  0.007209  0.002533   0.00821
     19/49     3.77G    0.0173  0.006519    0.0157   0.03952        43       320    0.6521    0.7483    0.7479    0.6608  0.006137   0.00245  0.007582
     20/49     3.77G   0.01747  0.006333   0.01561   0.03941        30       320    0.6224    0.8292    0.8042    0.7119  0.006702  0.002369  0.007894
     21/49     3.77G   0.01766  0.006321   0.01558   0.03957        37       320    0.6114    0.7847    0.8099    0.7208  0.005925  0.002421  0.007399
     22/49     3.77G   0.01704   0.00616   0.01532   0.03851        33       320     0.684    0.7971    0.8345    0.6946  0.006755  0.002761  0.007312
     23/49     3.77G   0.01548  0.006106   0.01429   0.03587        56       320    0.6607    0.8443    0.8578    0.7725  0.005638  0.002499  0.006225
     24/49     3.77G   0.01763  0.006098   0.01577    0.0395        42       320    0.6036    0.9145    0.8804    0.7678  0.005981  0.002468  0.005684
     25/49     3.77G   0.01855  0.005985     0.016   0.04053        58       320    0.6048    0.8359    0.8114    0.6986  0.006239  0.002447  0.006956
     26/49     3.77G   0.01714  0.005935   0.01552   0.03859        48       320    0.6526    0.9231    0.8711     0.786  0.006402   0.00239  0.005886
     27/49     3.77G   0.01779  0.005922   0.01553   0.03924        36       320    0.7111     0.912    0.8805    0.7701  0.009844  0.002425  0.006223
     28/49     3.77G    0.0174   0.00581   0.01597   0.03917        38       320    0.7173    0.8675    0.8908    0.7967  0.005154  0.002324  0.005768
     29/49     3.77G   0.01727  0.005657   0.01575   0.03868        42       320     0.766    0.8802    0.9193    0.8119  0.009518  0.002549  0.005995
     30/49     3.77G   0.01832  0.005763   0.01592      0.04        65       320    0.7917    0.8679    0.9133    0.8066  0.007674  0.002545  0.004934
     31/49     3.77G    0.0174  0.005664   0.01588   0.03895        50       320    0.8215    0.8695    0.9397    0.8351  0.006264  0.002573   0.00503
     32/49     3.77G   0.01654   0.00567   0.01562   0.03782        38       320    0.7783    0.9364    0.9498    0.8482   0.00899  0.002881  0.004831
     33/49     3.77G   0.01624  0.005582    0.0155   0.03731        55       320    0.7393    0.9074    0.9228    0.8277  0.009072   0.00252  0.004815
     34/49     3.77G   0.01688  0.005528    0.0159   0.03831        38       320    0.8337    0.8745    0.9298    0.8018  0.009578  0.002866  0.005054
     35/49     3.77G   0.01551  0.005487   0.01582   0.03682        44       320    0.8462    0.8892    0.9482    0.8427   0.01084  0.002703  0.004837
     36/49     3.77G   0.01542  0.005451   0.01535   0.03622        36       320    0.8378    0.8645    0.9316     0.826  0.009983  0.002923  0.005214
     37/49     3.77G   0.01549  0.005446   0.01539   0.03633        46       320    0.8194    0.9144    0.9475    0.8429  0.009622  0.002643  0.004968
     38/49     3.77G   0.01574  0.005428   0.01564   0.03681        59       320     0.804    0.9522    0.9522    0.8462  0.009932  0.002721  0.004719
     39/49     3.77G   0.01497  0.005302   0.01549   0.03576        51       320    0.8202    0.9203    0.9208    0.8369    0.0103   0.00262  0.005685
     40/49     3.77G   0.01511   0.00525   0.01536   0.03571        51       320    0.8835    0.8985    0.9703    0.8732   0.01033  0.002508  0.005051
     41/49     3.77G   0.01446  0.005322    0.0154   0.03518        33       320    0.8275    0.9391    0.9507    0.8512   0.01068   0.00261  0.004703
     42/49     3.77G   0.01419  0.005244   0.01528   0.03472        36       320    0.8111    0.9262    0.9406    0.8421   0.01029  0.002625  0.005535
     43/49     3.77G   0.01465  0.005182   0.01575   0.03559        44       320    0.8566    0.9127    0.9621    0.8505   0.01118  0.002542  0.005466
     44/49     3.77G   0.01353  0.005201   0.01577   0.03451        56       320    0.9039    0.8761    0.9543    0.8495   0.01068  0.002635  0.005483
     45/49     3.77G   0.01335  0.005178   0.01509   0.03362        41       320    0.8975    0.9038    0.9611    0.8592    0.0106  0.002651  0.005564
     46/49     3.77G   0.01401  0.005067   0.01531   0.03439        60       320    0.8696    0.8802    0.9613    0.8605   0.01085  0.002887  0.005439
     47/49     3.77G    0.0141   0.00514   0.01603   0.03528        36       320    0.9055    0.9093    0.9709     0.877   0.01093  0.002734  0.005353
     48/49     3.77G   0.01368  0.005099   0.01523   0.03401        73       320    0.8448    0.9461    0.9699    0.8614   0.01023  0.002763  0.005002
     49/49     3.77G   0.01418  0.005087   0.01615   0.03542        47       320    0.8585    0.9263    0.9642    0.8676   0.01079  0.002763   0.00536
