      0/49     1.18G   0.04314  0.009458   0.02829   0.08088        36       320    0.1286    0.8959    0.2167     0.166   0.02052  0.003047    0.0144
      1/49     3.21G   0.02902  0.008469   0.02327   0.06076        47       320    0.3109    0.5549    0.1783    0.1541   0.03179  0.002418   0.01409
      2/49     3.21G   0.02673  0.008806   0.02294   0.05848        37       320    0.0906    0.2318    0.0732   0.05959   0.03402  0.004511   0.01868
      3/49     3.77G   0.01959  0.008738   0.02032   0.04865        46       320    0.2848    0.6745    0.2727    0.2301   0.01897  0.001936   0.01376
      4/49     3.77G   0.01843  0.008469   0.02004   0.04693        41       320    0.4207    0.6223    0.3796    0.3052   0.01136  0.002447   0.01415
      5/49     3.77G   0.01782  0.008188   0.01922   0.04523        50       320    0.1647    0.7378    0.3438    0.3034  0.009074   0.00235   0.01385
      6/49     3.77G   0.01878  0.007911   0.01917   0.04586        57       320    0.6326    0.4502    0.3934    0.3438  0.007141  0.002427   0.01338
      7/49     3.77G   0.01526  0.007589   0.01766   0.04051        51       320    0.4395    0.6776    0.4657    0.3863    0.0086  0.002432   0.01224
      8/49     3.77G    0.0176  0.007737   0.01791   0.04324        47       320    0.6865    0.4569    0.4998     0.441  0.008109  0.002277   0.01219
      9/49     3.77G    0.0158  0.007361   0.01694    0.0401        61       320    0.2522    0.6607    0.4178      0.35  0.009826  0.003222   0.01368
     10/49     3.77G   0.01677  0.007351   0.01706   0.04118        44       320    0.7881    0.5258    0.6077     0.532  0.009626  0.002892   0.01082
     11/49     3.77G   0.01641  0.007045    0.0164   0.03985        51       320    0.4206    0.8224    0.6556    0.5411  0.007959  0.002525    0.0101
     12/49     3.77G   0.01649  0.006822   0.01574   0.03905        45       320    0.5448    0.7926    0.7474    0.6649   0.00605  0.002382  0.009195
     13/49     3.77G   0.01717  0.006671   0.01594   0.03978        38       320    0.5808    0.7315    0.7743    0.6829  0.007649  0.002741  0.008899
     14/49     3.77G   0.01627  0.006618   0.01524   0.03813        57       320    0.5007    0.8456    0.7677     0.644  0.007795  0.002805  0.008586
     15/49     3.77G   0.01724  0.006509   0.01536   0.03912        54       320    0.6052    0.8675     0.791    0.7026   0.00577  0.002591  0.008635
     16/49     3.77G   0.01549  0.006435   0.01443   0.03635        51       320    0.5491    0.8683    0.7811    0.6818  0.006789  0.002812  0.008135
     17/49     3.77G   0.01751  0.006311   0.01516   0.03898        52       320    0.5359    0.8727    0.7987    0.6777   0.00727  0.002852  0.007243
     18/49     3.77G   0.01663  0.006276   0.01463   0.03754        38       320    0.5644     0.867    0.8042    0.6944  0.006474  0.003008  0.007037
     19/49     3.77G   0.01683   0.00652   0.01474   0.03809        43       320    0.6708    0.8448    0.8283    0.7332  0.005434  0.002958  0.007046
     20/49     3.77G   0.01871  0.006197   0.01524   0.04015        30       320    0.7018    0.8662    0.8594    0.7729  0.006125  0.002517  0.006046
     21/49     3.77G   0.01875  0.006203    0.0156   0.04055        37       320    0.6844    0.8088    0.8078     0.729  0.005945  0.002889  0.006095
     22/49     3.77G   0.01882  0.006246   0.01566   0.04073        33       320    0.8033    0.7696    0.8445    0.7125  0.007805   0.00279  0.006579
     23/49     3.77G   0.01789  0.006179    0.0155   0.03958        56       320     0.667    0.8945     0.865    0.7404   0.00599  0.003056  0.006462
     24/49     3.77G   0.01794  0.006136   0.01572    0.0398        42       320    0.6898    0.9187    0.8941    0.8153  0.005704  0.002696  0.005975
     25/49     3.77G   0.01771  0.005912   0.01511   0.03873        58       320    0.8801     0.793    0.9203     0.813  0.005357  0.002462  0.006061
     26/49     3.77G   0.01641  0.005895   0.01486   0.03717        48       320    0.7148    0.8874    0.9033    0.8026   0.00526  0.002299  0.005584
     27/49     3.77G   0.01636  0.005816   0.01445   0.03663        36       320    0.7388    0.9092    0.9323    0.8508  0.004615  0.002632  0.005748
     28/49     3.77G   0.01639  0.005693     0.015   0.03709        38       320    0.7738    0.8839     0.925    0.8416  0.004747  0.002555  0.005659
     29/49     3.77G   0.01543   0.00554   0.01483   0.03581        42       320    0.7544    0.9118    0.9213    0.8099   0.00514  0.002598  0.005537
     30/49     3.77G   0.01704  0.005656   0.01513   0.03783        65       320    0.8272    0.8961    0.9459    0.8545  0.004914  0.002344  0.005052
     31/49     3.77G   0.01603  0.005488   0.01504   0.03656        50       320    0.8019    0.9361    0.9517     0.844  0.005438  0.002845  0.004804
     32/49     3.77G   0.01671  0.005524   0.01524   0.03748        38       320    0.8986     0.908    0.9698    0.8791  0.005622  0.002754  0.004281
     33/49     3.77G   0.01541  0.005456   0.01535   0.03622        55       320    0.8768    0.8906    0.9534    0.8705  0.005489  0.002682  0.004697
     34/49     3.77G    0.0152  0.005397   0.01541   0.03601        38       320    0.8566    0.9492    0.9762    0.8644  0.006092  0.002641  0.004493
     35/49     3.77G   0.01483  0.005299   0.01548   0.03561        44       320    0.8443    0.9565    0.9635    0.8883  0.004694   0.00275  0.005101
     36/49     3.77G    0.0145   0.00532   0.01512   0.03494        36       320    0.8334    0.9186    0.9623    0.8589  0.005258  0.002788   0.00465
     37/49     3.77G   0.01372  0.005294   0.01501   0.03402        46       320    0.8916     0.885    0.9476    0.8436  0.007105  0.002489  0.005071
     38/49     3.77G   0.01453  0.005252    0.0149   0.03468        59       320    0.8787    0.9165    0.9649    0.8464  0.005213  0.002797   0.00426
     39/49     3.77G   0.01352  0.005171   0.01499   0.03367        51       320    0.8431    0.9273    0.9682     0.861  0.005441  0.002779  0.004342
     40/49     3.77G   0.01336  0.005125   0.01503   0.03351        51       320    0.9064    0.9319    0.9793    0.8776   0.00549  0.002551  0.003839
     41/49     3.77G   0.01365  0.005175   0.01511   0.03394        33       320    0.8741    0.9559    0.9734     0.893  0.004871  0.002656  0.004066
     42/49     3.77G   0.01294  0.005096   0.01488   0.03292        36       320    0.8327    0.9665    0.9804     0.892  0.005714   0.00277  0.004182
     43/49     3.77G   0.01321  0.005014    0.0151   0.03332        44       320    0.8443    0.9479    0.9689    0.8674  0.005217  0.002733  0.004576
     44/49     3.77G    0.0125  0.005002    0.0154    0.0329        56       320    0.8926    0.9619    0.9779    0.8815  0.005138   0.00282  0.003812
     45/49     3.77G   0.01238  0.004967   0.01452   0.03186        41       320    0.9041    0.9568    0.9772    0.8892  0.005667   0.00276   0.00366
     46/49     3.77G   0.01239  0.004894   0.01469   0.03197        60       320    0.8184    0.9562    0.9839    0.8979  0.005073  0.002803  0.004169
     47/49     3.77G   0.01297  0.005005   0.01559   0.03357        36       320    0.7844    0.9734    0.9769    0.8901  0.005384  0.002855    0.0043
     48/49     3.77G   0.01235  0.004913   0.01447   0.03173        73       320    0.9234    0.9053     0.983    0.8945  0.004737  0.002708  0.004171
     49/49     3.77G   0.01207  0.004848   0.01502   0.03194        47       320    0.9357    0.8918    0.9745    0.8875  0.004927  0.002682  0.004479
