      0/49     11.7G   0.07482   0.01463   0.02574    0.1152        34       640  0.004218   0.08681 0.0008044  9.64e-05     0.123    0.0128   0.02937
      1/49     11.7G   0.06679   0.01178   0.02451    0.1031        31       640   0.02058   0.09028   0.01631  0.002407    0.1107   0.01102   0.02856
      2/49     10.2G   0.06144     0.011   0.02387    0.0963        32       640   0.02242   0.05903   0.02265   0.00753    0.1039   0.00993   0.02648
      3/49     10.2G   0.05401   0.01015   0.02173    0.0859        24       640     0.079     0.434   0.08767   0.01945   0.09968  0.009242    0.0271
      4/49     10.2G    0.0527  0.009847    0.0213   0.08384        35       640    0.5938    0.3842    0.4069    0.1032     0.092  0.008977   0.02334
      5/49     10.2G   0.05444  0.008786   0.02042   0.08364        14       640    0.2437    0.3993    0.2438   0.06428   0.08258  0.008517   0.02246
      6/49     10.2G   0.04937  0.008779   0.01813   0.07628        30       640    0.3886    0.5305    0.3984    0.1432   0.08473   0.00844   0.02295
      7/49     10.2G   0.04872  0.008782   0.01719   0.07469        33       640    0.2408    0.5019    0.2555   0.05726   0.08789  0.007673   0.02022
      8/49     10.2G   0.05287  0.008326   0.01667   0.07786        30       640    0.5001    0.5758     0.569    0.1492   0.09275  0.007262   0.02396
      9/49     10.2G   0.04839  0.007452   0.01597   0.07181        39       640    0.4285      0.75    0.6127    0.2068   0.09216  0.007082   0.02202
     10/49     10.2G   0.05091  0.007002   0.01546   0.07338        21       640     0.688    0.4443    0.4909    0.1294    0.0975  0.007039   0.02044
     11/49     10.2G   0.05139   0.00714   0.01518   0.07371        33       640    0.4384    0.6806    0.6121    0.2642   0.08149  0.007291   0.01627
     12/49     10.2G   0.05299  0.006715   0.01948   0.07918        39       640         0         0         0         0    0.1283    0.1888   0.02786
     13/49     10.2G   0.05582  0.006703   0.01581   0.07834        28       640    0.1518    0.7188    0.1783   0.05314   0.09109  0.007921   0.01755
     14/49     10.2G   0.05076  0.006541   0.01472   0.07202        32       640    0.1061    0.2118   0.06191   0.02258     0.094   0.00864   0.02159
     15/49     10.2G   0.05084  0.006696   0.01562   0.07316        42       640     0.458    0.2909    0.3305    0.1543     0.103  0.008304   0.01458
     16/49     12.3G   0.05447  0.006487   0.01577   0.07672        26       640    0.5919    0.7639    0.7579    0.3442   0.09306  0.006896   0.01097
     17/49     12.3G   0.05155  0.006808   0.01546   0.07382        29       640  0.007675    0.1458  0.003333 0.0006448   0.08248  0.008201   0.02149
     18/49     12.3G   0.04959  0.006243   0.01358   0.06941        39       640    0.7289    0.5178    0.6194    0.3096   0.05867  0.007926   0.01137
     19/49     12.3G   0.04738  0.005964   0.01251   0.06585        41       640    0.7433    0.6099    0.6843    0.2819   0.09011  0.006771   0.01429
     20/49     12.3G   0.05506  0.006322   0.01554   0.07692        19       640    0.6738    0.1111   0.09769   0.03979   0.07947  0.008033    0.0233
     21/49     12.3G   0.05794  0.006154   0.01449   0.07858        28       640    0.8304    0.9375    0.9648    0.4934   0.08574  0.004863   0.01399
     22/49     12.3G   0.05132  0.005668   0.01282   0.06981        31       640     0.761    0.1528    0.1253   0.03428    0.0785  0.008855   0.02319
     23/49     12.3G   0.04396  0.006183   0.01119   0.06133        45       640    0.4797    0.5131    0.5296    0.2543    0.0595  0.008002   0.01629
     24/49     12.3G   0.05164  0.006555   0.01546   0.07366        28       640    0.2609    0.2153    0.1061   0.02324   0.09818  0.007521   0.02249
     25/49     12.3G   0.05597   0.00712   0.01854   0.08163        20       640         0         0         0         0   0.08732  0.009172    0.0265
     26/49     12.3G   0.06236  0.007206   0.02108   0.09065        30       640  0.001204    0.1528 0.0007869 0.0002385    0.1348     1.062    0.2655
     27/49     12.3G   0.06322  0.006941   0.02215   0.09231        29       640 3.026e-05   0.04167 5.254e-06 5.254e-07     0.115     1.326    0.7915
     28/49     12.3G   0.05894  0.007604   0.01937   0.08591        38       640  0.007494   0.02778  0.001462 0.0001474    0.1215   0.08998    0.1593
     29/49     12.3G    0.0477  0.007143   0.01614   0.07098        34       640  0.003019    0.3333  0.001895  0.001114    0.1135   0.02479   0.04343
     30/49     12.3G   0.05024  0.006876   0.01559   0.07271        38       640    0.3716    0.2674   0.02487  0.008273   0.09884  0.006543   0.03094
     31/49     12.3G   0.04584  0.006882   0.01515   0.06787        25       640   0.02658    0.4792   0.02804   0.01022    0.1057   0.01235   0.06501
     32/49     12.3G   0.05501  0.006621   0.01653   0.07816        30       640   0.08815    0.3611   0.05817   0.02528    0.1155   0.06283    0.1156
     33/49     12.3G   0.03439  0.006867    0.0119   0.05316        32       640   0.01187    0.3299  0.009343  0.004886    0.1316  0.005072   0.06131
     34/49     12.3G   0.05216  0.006438   0.01349   0.07209        29       640     0.426    0.2498    0.2944    0.1587   0.09999  0.006049   0.03418
     35/49     12.3G   0.04525  0.006279   0.01251   0.06404        26       640    0.7945    0.4306    0.4106    0.2522    0.1022  0.005213   0.03036
     36/49     12.3G   0.04498  0.006165   0.01218   0.06333        26       640    0.8051     0.854    0.8911    0.5047   0.05995  0.006561   0.01186
     37/49     12.3G   0.04313  0.006172   0.01152   0.06082        35       640    0.8615    0.8697    0.9391    0.5254   0.05746   0.00632   0.01081
     38/49     12.3G   0.04246  0.006384   0.01118   0.06003        32       640    0.9559    0.8491    0.9231    0.5502   0.05869  0.006829   0.01222
     39/49     12.3G   0.04428   0.00577   0.01241   0.06246        28       640    0.8321    0.8053    0.8841    0.5606   0.05609  0.006842   0.01197
     40/49     12.3G   0.04857  0.006023   0.01208   0.06668        33       640    0.8721    0.9034    0.9527    0.5931   0.06309  0.006099   0.01436
     41/49     12.3G   0.04021     0.006   0.01018   0.05639        42       640    0.8462    0.9056    0.9545    0.5747   0.06618  0.005853    0.0129
     42/49     12.3G   0.04855  0.006135   0.01305   0.06773        45       640    0.9113    0.9394    0.9785    0.6071   0.05503  0.005816   0.01008
     43/49     12.3G   0.04316  0.005586   0.01147   0.06022        30       640    0.8583    0.7292    0.8979     0.533   0.05643  0.006352   0.01019
     44/49     12.3G   0.03377  0.005787  0.008099   0.04765        41       640    0.9132    0.7339    0.9549    0.5428   0.05352  0.006547   0.01084
     45/49     12.3G   0.04856  0.005909   0.01152   0.06599        29       640    0.7911     0.809    0.9004    0.5604   0.06138  0.006444   0.01147
     46/49     12.3G   0.04208  0.005908  0.009821   0.05781        44       640    0.7417    0.7881    0.8563    0.5596   0.05937   0.00632   0.01134
     47/49     12.3G   0.03734  0.005634  0.009292   0.05227        27       640    0.7108    0.6697    0.7976    0.4903   0.06136  0.006561   0.01551
     48/49     12.3G   0.04166  0.005808   0.01008   0.05754        39       640    0.8479    0.6541    0.8912    0.5061   0.07124   0.00628   0.01576
     49/49     12.3G   0.03251  0.005671  0.007936   0.04612        26       640    0.9293    0.9986    0.9923    0.6078   0.05512   0.00544   0.00966
