      0/49     2.15G   0.04522   0.01381   0.02673   0.08576        25       640    0.1018    0.6461    0.1673    0.1101   0.01132  0.004764   0.01079
      1/49     9.77G   0.04136    0.0108   0.02471   0.07687        29       640    0.5024   0.03167   0.02103   0.01488   0.03018  0.005487   0.01098
      2/49     9.79G   0.03994   0.01092   0.02234    0.0732        20       640  0.003244    0.2078  0.003002 0.0005314   0.02768  0.005181   0.01058
      3/49     9.79G   0.04909   0.01158   0.02545   0.08612        20       640  0.006518  0.009116 0.0006123 8.669e-05   0.02855     1.728   0.02647
      4/49     9.79G   0.05131   0.01247   0.02643   0.09021        29       640   0.00392    0.1797  0.004128 0.0006523   0.02169  0.003787   0.01053
      5/49     9.79G   0.04109   0.01162   0.02265   0.07536        32       640   0.01386    0.1964   0.01619  0.002706   0.01842  0.003832   0.01042
      6/49     9.79G   0.03852   0.01096   0.02217   0.07164        44       640    0.1576    0.2917   0.02347   0.00656   0.01441  0.004082    0.0104
      7/49     9.79G    0.0324   0.01032   0.01974   0.06246        49       640    0.5058    0.1621   0.07921   0.03294  0.009441  0.003655   0.01047
      8/49     9.79G   0.03545   0.01034   0.02047   0.06625        35       640    0.1944    0.3932   0.06599   0.02651   0.01138  0.003525   0.01046
      9/49     9.79G   0.03121  0.009985   0.02012   0.06131        30       640    0.5556    0.2026    0.1461   0.08295  0.008902  0.003214   0.01053
     10/49     9.79G   0.02929  0.009709   0.02025   0.05925        23       640    0.2411    0.6049    0.1609   0.09639  0.009391  0.003523   0.01046
     11/49     9.79G   0.03264  0.009562   0.02138   0.06358        23       640    0.1221    0.8978    0.2347    0.1463  0.008985  0.003103   0.01033
     12/49     9.79G   0.02823  0.009543   0.01983    0.0576        29       640    0.1239    0.6672    0.2217    0.1559  0.008262  0.003074   0.01031
     13/49     9.79G   0.02983  0.009029   0.02065    0.0595        31       640    0.1286    0.7646     0.218    0.1918  0.004252   0.00267   0.01014
     14/49     9.79G   0.02711  0.008876   0.01998   0.05597        35       640    0.1505    0.7203    0.2376    0.2039  0.003939  0.003145   0.01013
     15/49     9.79G   0.02737  0.008639   0.02061   0.05662        25       640  0.005796    0.2971  0.007016  0.001284   0.01683  0.005046    0.0103
     16/49     9.79G    0.0244  0.008432   0.02016     0.053        38       640    0.4899    0.1473   0.06516   0.03734  0.007241  0.004268   0.01005
     17/49     9.79G   0.02519  0.008221   0.02032   0.05373        32       640    0.2947    0.5677    0.2633    0.2322  0.003287  0.002563  0.009941
     18/49     9.79G   0.02525  0.008095   0.02024   0.05359        28       640    0.1718    0.8316    0.2817    0.2233  0.005974  0.002363  0.009953
     19/49     9.79G     0.023  0.008276      0.02   0.05127        28       640    0.3538    0.5718    0.2841    0.2271  0.003544  0.003019   0.00953
     20/49     9.79G   0.02201  0.008143   0.01997   0.05012        33       640    0.1511    0.9288    0.3203    0.2596  0.004206  0.002648  0.009819
     21/49     9.79G   0.02056  0.007905   0.01953     0.048        33       640    0.2887    0.5899    0.2971    0.2519  0.003533  0.002074  0.009565
     22/49     9.79G   0.01969  0.008037   0.01996   0.04768        23       640    0.2824    0.6724    0.3268    0.3015  0.003026  0.002531  0.009577
     23/49     9.79G   0.02025  0.007692   0.01986    0.0478        35       640     0.141    0.9672    0.3613    0.3319  0.003408  0.002271  0.009412
     24/49     9.79G   0.01926  0.007661    0.0198   0.04672        33       640    0.1664    0.9184    0.3431    0.3154  0.002891  0.002996  0.009342
     25/49     9.79G   0.01788  0.007652   0.01976   0.04529        24       640    0.3058    0.6811    0.3021    0.2482  0.003532  0.002693  0.009258
     26/49     9.79G   0.01799  0.007591   0.01937   0.04496        30       640    0.5654    0.3617    0.2292    0.1111  0.006778  0.004246   0.01078
     27/49     9.79G    0.0201  0.007724   0.02004   0.04786        19       640    0.3486    0.5877    0.3802    0.2887  0.004576  0.002295  0.008526
     28/49     9.79G   0.01726  0.007617    0.0194   0.04428        30       640    0.6023    0.5217     0.392    0.3582  0.002946  0.002443  0.009008
     29/49     9.79G   0.01594   0.00719   0.01919   0.04232        25       640    0.2143    0.8264    0.4627    0.4263  0.003084   0.00275  0.008541
     30/49     9.79G   0.01725  0.006887   0.01929   0.04343        24       640    0.6973    0.4204    0.4048    0.3631   0.00309  0.002316  0.009119
     31/49     9.79G    0.0155  0.007207   0.01872   0.04143        43       640    0.7257    0.4366     0.453    0.4125  0.003174  0.001932  0.008097
     32/49     9.79G   0.01506  0.007352   0.01873   0.04114        35       640    0.7114    0.3794    0.4406     0.405  0.003093  0.002205  0.008264
     33/49     9.79G   0.01877  0.007081   0.01952   0.04537        39       640    0.2151    0.8325    0.4476    0.3984  0.003709  0.001918  0.008895
     34/49     9.79G   0.01628  0.006679   0.01936   0.04232        36       640    0.6884    0.4996    0.5066    0.4568  0.003228  0.002129  0.007735
     35/49     9.79G   0.01568  0.007102   0.01931   0.04209        20       640    0.6879     0.446    0.4688    0.3924  0.004171  0.002072  0.008248
     36/49     9.79G    0.0155  0.006956   0.01855     0.041        26       640    0.6818    0.4448    0.4805      0.46  0.002499  0.002075  0.008036
     37/49     9.79G    0.0158  0.006761   0.01907   0.04163        30       640    0.7252    0.4878    0.5652    0.5378  0.002901  0.001926  0.007685
     38/49     9.79G   0.01497   0.00665    0.0184   0.04002        36       640    0.2321    0.9276    0.5359    0.4988   0.00283  0.002138  0.007771
     39/49     9.79G   0.01417  0.006921   0.01883   0.03992        34       640    0.6916     0.473    0.5267    0.4639  0.003363  0.002072  0.007801
     40/49     9.79G   0.01487  0.006885   0.01876   0.04052        32       640     0.733    0.4711    0.5239    0.4673  0.003246   0.00221  0.007495
     41/49     9.79G   0.01327  0.006786   0.01821   0.03826        31       640    0.2473    0.8564    0.5396    0.4872  0.003241  0.002152  0.007478
     42/49     9.79G   0.01341  0.007032   0.01834   0.03879        35       640    0.7662    0.4859    0.5738    0.5373  0.002855  0.002201  0.007017
     43/49     9.79G    0.0116  0.007037   0.01773   0.03636        37       640    0.7493    0.5184    0.5677    0.5241   0.00322  0.002117  0.006766
     44/49     9.79G   0.01634  0.006932   0.01854   0.04182        25       640    0.2494    0.9275    0.5685     0.515  0.003409  0.002103  0.007065
     45/49     9.79G   0.01526  0.006696   0.01861   0.04056        22       640    0.7855    0.4752    0.5889    0.5285  0.003434  0.002268  0.006928
     46/49     9.79G   0.01343   0.00675   0.01805   0.03823        24       640    0.2565    0.8653    0.5601    0.5244  0.002813  0.002112   0.00693
     47/49     9.79G   0.01245  0.006734   0.01806   0.03725        30       640    0.7251    0.4604    0.5421    0.5153  0.002568  0.002039  0.007195
     48/49     9.79G   0.01485   0.00661   0.01834    0.0398        43       640    0.2832    0.9204    0.5692    0.5366  0.002809  0.002046  0.006879
     49/49     9.79G   0.01329  0.006433   0.01793   0.03765        25       640    0.7906     0.484    0.5911    0.5455  0.003237  0.002208   0.00699
