      0/49    0.778G   0.04509  0.006294   0.02538   0.07677        50        96    0.1371    0.2416    0.1606    0.1115   0.07033  0.002984    0.0328
      1/49     1.05G   0.02433  0.005085   0.02046   0.04987        38        96   0.07764    0.8125    0.1115   0.07751   0.08695  0.002103   0.03309
      2/49     1.05G   0.01622  0.004578   0.02032   0.04111        40        96    0.1198    0.9286    0.1793    0.1609   0.06974  0.001763    0.0327
      3/49     1.05G   0.01407  0.005053   0.01931   0.03843        38        96    0.1359     0.949    0.1929    0.1816   0.06248   0.00157   0.03754
      4/49     1.05G   0.01202  0.004813   0.01812   0.03496        40        96    0.4123    0.6469    0.2442    0.2179   0.06187  0.001712   0.04939
      5/49     1.05G   0.01365  0.005312   0.01813   0.03709        39        96    0.1362    0.9112    0.2975    0.2526   0.05754   0.00146   0.05484
      6/49     1.05G   0.01154  0.005476   0.01643   0.03345        60        96    0.3378    0.7499    0.3643     0.329    0.0555  0.001445   0.04201
      7/49     1.05G   0.01056  0.005299    0.0153   0.03116        40        96    0.5375    0.5681    0.4759    0.4332   0.05824  0.001519    0.0385
      8/49     1.05G   0.01005  0.005236   0.01466   0.02995        42        96    0.2673    0.8033    0.5394    0.4802   0.05904  0.001432   0.03886
      9/49     1.05G   0.01034  0.005198    0.0147   0.03023        48        96    0.3917    0.6661    0.4716    0.4257   0.06292  0.001937   0.05031
     10/49     1.05G  0.009951  0.005143   0.01442   0.02951        48        96    0.4103    0.8033    0.5566     0.519   0.05717  0.001478   0.03394
     11/49     1.05G  0.008738  0.004946   0.01349   0.02718        53        96    0.5179    0.7718    0.5902    0.5576   0.05735  0.001677   0.03116
     12/49     1.05G  0.009894  0.004848   0.01352   0.02826        43        96    0.4462    0.7387     0.529    0.4946   0.05435   0.00169   0.03754
     13/49     1.05G  0.009218  0.004904   0.01288     0.027        42        96    0.5516    0.7351     0.653    0.6122   0.05533  0.001581    0.0334
     14/49     1.05G  0.008884  0.004835   0.01267   0.02639        41        96    0.5645    0.6927    0.6675    0.6037   0.05851  0.001753   0.03363
     15/49     1.05G  0.008913  0.004677   0.01219   0.02578        59        96     0.386    0.9285     0.723    0.6476   0.06002  0.001599   0.02917
     16/49     1.05G  0.008201  0.004613   0.01168    0.0245        43        96    0.6545     0.711    0.7077     0.647   0.05554  0.001567   0.02825
     17/49     1.05G  0.008166  0.004504   0.01122   0.02389        39        96    0.5792    0.7235    0.7293    0.6687   0.06447  0.001816   0.02875
     18/49     1.05G   0.00783  0.004396   0.01089   0.02312        38        96    0.7116     0.694    0.7373    0.6657   0.05847  0.002268   0.02705
     19/49     1.05G  0.007794  0.004464   0.01098   0.02324        45        96    0.6673    0.8128    0.7795    0.7263   0.05823  0.001827   0.02647
     20/49     1.05G  0.007526  0.004368    0.0106    0.0225        71        96    0.6642    0.8212    0.7865     0.741   0.06037  0.002101   0.02615
     21/49     1.05G  0.007713  0.004234   0.01045    0.0224        38        96    0.6721    0.8469    0.7939    0.7448   0.05649   0.00186   0.02611
     22/49     1.05G  0.007009  0.004264   0.01025   0.02152        49        96    0.6988    0.8714    0.8166    0.7586   0.05617  0.001898   0.02701
     23/49     1.05G   0.01129  0.005594    0.0169   0.03378        48        96    0.3314    0.6044    0.3142    0.2458   0.06748  0.001908   0.03759
     24/49     1.05G  0.009162  0.005447   0.01633   0.03094        41        96    0.5188    0.4281    0.3292    0.2715   0.06312  0.001866   0.03973
     25/49     1.05G  0.009058  0.005317   0.01589   0.03026        30        96    0.5608    0.5081    0.4016    0.3503    0.0625  0.002072   0.03809
     26/49     1.05G  0.008756  0.005209   0.01534   0.02931        50        96    0.2678    0.8215    0.5572    0.4928   0.05847  0.001854   0.03506
     27/49     1.05G  0.007829  0.005066   0.01468   0.02758        39        96     0.666    0.5153    0.5636    0.4783   0.06059  0.002006   0.03262
     28/49     1.05G  0.007623  0.004989   0.01429    0.0269        36        96    0.3933    0.7343    0.6097    0.5381   0.05859   0.00175   0.03403
     29/49     1.05G  0.007626  0.004889   0.01363   0.02615        38        96    0.3762    0.7598    0.6348    0.5443   0.06101  0.001903   0.03217
     30/49     1.05G  0.007528  0.004883   0.01353   0.02595        39        96    0.3867    0.7693    0.6801    0.6137   0.05957  0.001632   0.03147
     31/49     1.05G  0.007369  0.004831   0.01315   0.02535        40        96    0.4822    0.8284    0.7218    0.6698   0.05797  0.001722   0.03062
     32/49     1.05G  0.007124  0.004803   0.01292   0.02484        26        96    0.4673    0.7769    0.7258    0.6797   0.06016  0.001753   0.03042
     33/49     1.05G  0.007665  0.004714   0.01273   0.02511        41        96    0.4835    0.8266    0.6971    0.6536   0.05715  0.001775   0.03053
     34/49     1.05G  0.006778  0.004685   0.01243    0.0239        39        96    0.4321    0.7924     0.739     0.694   0.05945  0.001793   0.02964
     35/49     1.05G  0.007157    0.0046   0.01223   0.02399        54        96     0.445    0.7896    0.7317    0.6919   0.05806  0.001806   0.02954
     36/49     1.05G  0.006843  0.004564   0.01205   0.02345        48        96    0.5102     0.792    0.7229    0.6817   0.05733  0.001799   0.03018
     37/49     1.05G  0.006464  0.004572   0.01172   0.02275        44        96    0.4632    0.7152    0.6827    0.6379   0.05767  0.001857   0.03112
     38/49     1.05G  0.006976  0.004498   0.01187   0.02334        47        96    0.4587    0.8438    0.7481    0.7065   0.05598  0.001768   0.02916
     39/49     1.05G  0.006079  0.004477    0.0116   0.02215        39        96    0.4836    0.8282    0.7281    0.6679   0.05826  0.001728   0.02935
     40/49     1.05G  0.005767  0.004367   0.01131   0.02144        46        96    0.4767    0.8476    0.7604    0.7004   0.05744   0.00188   0.02933
     41/49     1.05G  0.006689  0.004449   0.01146    0.0226        58        96    0.5346    0.8092    0.7532    0.7056   0.05616  0.001752   0.02934
     42/49     1.05G  0.006246  0.004326   0.01119   0.02177        40        96    0.4872    0.8186    0.7736    0.7208   0.05675  0.001841   0.02968
     43/49     1.05G  0.005913  0.004369   0.01104   0.02132        48        96     0.619    0.7274    0.7853    0.7351   0.05745   0.00185   0.02802
     44/49     1.05G  0.006734  0.004273   0.01133   0.02234        36        96    0.5937    0.7718    0.7679    0.6919   0.05969  0.001824   0.02888
     45/49     1.05G  0.005938  0.004188   0.01092   0.02105        38        96    0.5345    0.8165     0.778    0.7269   0.05641  0.001818   0.02875
     46/49     1.05G  0.006616  0.004234   0.01085    0.0217        44        96    0.5251    0.8409    0.7662    0.7208   0.05669  0.001821   0.02829
     47/49     1.05G  0.006239  0.004296   0.01083   0.02137        40        96    0.5204    0.8224    0.7749    0.7201   0.05675  0.001899    0.0285
     48/49     1.05G  0.006068  0.004249   0.01079   0.02111        44        96    0.4944    0.8359    0.7699    0.7063   0.05767  0.001933   0.02853
     49/49     1.05G   0.00599  0.004261   0.01076   0.02101        45        96    0.5588    0.8706    0.7948    0.7291   0.05775  0.001845   0.02768
