      0/79     11.5G   0.07433   0.01464   0.02571    0.1147        34       640  0.003908   0.08681  0.001047   0.00015     0.123   0.01282   0.02956
      1/79     11.6G   0.06665   0.01172   0.02434    0.1027        31       640   0.01041    0.1319  0.007545  0.001291    0.1144   0.01043    0.0281
      2/79     14.4G    0.0607   0.01098   0.02363    0.0953        32       640   0.00697    0.7292  0.009021  0.002907    0.1017   0.01039   0.02673
      3/79     14.4G   0.05549   0.01005   0.02189   0.08743        24       640   0.04569    0.5208   0.06454   0.01488   0.09607  0.009523   0.02314
      4/79     14.4G   0.05347   0.01007   0.02012   0.08366        35       640    0.2827    0.5312    0.2929   0.07712   0.09423  0.008421   0.02595
      5/79     14.4G   0.05208  0.008991   0.01953    0.0806        14       640   0.08259    0.5486    0.1271   0.02895   0.09354  0.007693   0.02344
      6/79     11.6G   0.05213  0.009103   0.01975   0.08098        30       640    0.3196    0.6111    0.4092   0.09193   0.08403  0.007939   0.02436
      7/79     10.1G   0.04877  0.008476   0.01777   0.07502        33       640      0.28    0.7396    0.3494   0.07662   0.09239  0.007824   0.02634
      8/79     11.3G   0.05092  0.008238   0.01821   0.07737        30       640    0.4195    0.4456    0.4644    0.1111   0.07835  0.007959   0.02253
      9/79     11.3G   0.05141  0.007631   0.01787   0.07691        39       640   0.08266    0.6804   0.07594   0.02468   0.08032   0.01599    0.0319
     10/79     11.3G   0.05004  0.007333   0.01672   0.07409        21       640    0.6917    0.5139    0.4868    0.2245   0.09051  0.007253   0.02319
     11/79     11.3G    0.0515   0.00738   0.01601   0.07489        33       640    0.5956    0.6729    0.6809    0.3099   0.08159   0.00643   0.01513
     12/79     11.3G   0.04126  0.006225   0.01271   0.06019        39       640     0.819    0.6667    0.7387    0.2557   0.09216  0.005587   0.01076
     13/79     11.3G   0.05793  0.006442   0.01637   0.08075        28       640 6.475e-05   0.04167 1.111e-05 4.446e-06    0.1011    0.1391   0.04052
     14/79     11.3G   0.05186    0.0063   0.01514    0.0733        32       640    0.1346    0.2986    0.1685   0.04741    0.0997  0.007798   0.02668
     15/79     11.3G   0.05441  0.006661   0.01512   0.07619        42       640    0.6661    0.4444    0.4998    0.2121   0.06751  0.008169   0.01528
     16/79     11.3G   0.05187  0.006497   0.01574   0.07411        26       640    0.4743    0.8193    0.5773    0.1797   0.08317  0.007223   0.02058
     17/79     11.3G   0.05568  0.006458   0.01453   0.07667        29       640    0.7112    0.6004    0.7234    0.3599   0.06734  0.007136   0.01554
     18/79     13.3G   0.05033  0.006095   0.01216   0.06859        39       640      0.75    0.1647     0.295    0.1205    0.1015  0.008901   0.02005
     19/79     13.3G    0.0501  0.006178   0.01382   0.07009        41       640    0.3877    0.2083    0.1705   0.08911   0.06556  0.008292   0.02157
     20/79     13.3G    0.0601  0.006606   0.01673   0.08343        19       640   0.01093    0.2708  0.005166  0.001065   0.08832   0.01583   0.02621
     21/79     13.3G   0.06259  0.007072   0.01848   0.08814        28       640   0.01756     0.173  0.008908   0.00255   0.07703  0.009011    0.0247
     22/79     13.3G   0.05431  0.006784   0.01611    0.0772        31       640  0.004192    0.2743  0.001844 0.0002916   0.08274   0.00786   0.02891
     23/79     13.3G   0.04374  0.006636   0.01226   0.06263        45       640    0.1417    0.1805   0.04846   0.01806   0.07376   0.00896   0.02433
     24/79     13.3G   0.05117  0.005878   0.01262   0.06967        28       640    0.6266    0.5483    0.6153    0.2959   0.05027  0.007221   0.01348
     25/79     13.3G   0.05172  0.006195   0.01411   0.07203        20       640    0.3327    0.7589    0.5409    0.2198   0.05052  0.007317   0.01184
     26/79     13.3G   0.05637  0.006209   0.01396   0.07655        30       640 0.0001256   0.04167  7.04e-05 2.816e-05   0.08421  0.008118     0.022
     27/79     13.3G    0.0581  0.006438   0.01531   0.07985        29       640         0         0         0         0   0.09064  0.007547   0.02271
     28/79     13.3G   0.05455  0.006544   0.01451   0.07561        38       640    0.3679    0.3669    0.3607    0.1729   0.07581  0.007133   0.02056
     29/79     13.3G    0.0495  0.006314   0.01348   0.06929        34       640    0.4741    0.6666    0.5352    0.3225   0.05872  0.007613    0.0186
     30/79     13.3G   0.04952  0.006257   0.01251   0.06828        38       640    0.7499    0.7182    0.8521    0.5515   0.07694  0.005134   0.01452
     31/79     13.3G   0.04408  0.006006   0.01165   0.06174        25       640    0.7789    0.6706    0.8547    0.4224   0.06992  0.005496   0.01689
     32/79     13.3G   0.05533  0.005655   0.01309   0.07407        30       640    0.8805    0.9294    0.9613    0.5538   0.08665  0.005092   0.01348
     33/79     13.3G    0.0351  0.005812  0.009209   0.05012        32       640    0.7282    0.6354    0.6865    0.3581   0.08625  0.006127   0.01506
     34/79     13.3G   0.05785  0.005637   0.01301   0.07649        29       640    0.8266    0.3229    0.3586    0.1968    0.0827  0.007146   0.01787
     35/79     13.3G   0.04762  0.005676   0.01092   0.06422        26       640    0.7073    0.7639    0.7414    0.4507     0.084  0.005907   0.01365
     36/79     13.3G   0.04626  0.005464  0.009636   0.06136        26       640    0.8008    0.9097    0.8756    0.5182   0.06728  0.005829   0.01172
     37/79     13.3G   0.04857  0.005584  0.009512   0.06367        35       640    0.9079    0.8601     0.921    0.3707   0.06494  0.005985   0.01244
     38/79     13.3G   0.05567  0.005776   0.01185   0.07329        32       640    0.8088    0.9437    0.9457     0.586   0.05724  0.005075   0.01231
     39/79     13.3G    0.0526  0.005171    0.0122   0.06997        28       640    0.9629    0.9722    0.9866    0.5692   0.05464  0.005117   0.01017
     40/79     13.3G   0.05068  0.005139   0.01027   0.06609        33       640     0.914    0.8834    0.9322    0.4637   0.05623  0.005502   0.01015
     41/79     13.3G   0.04204  0.005241  0.008954   0.05623        42       640    0.8091    0.9999    0.8448    0.5096   0.05437  0.005466   0.01046
     42/79     13.3G   0.05408  0.005301   0.01187   0.07126        45       640    0.9381    0.9444    0.9408    0.4899   0.06375   0.00519  0.009875
     43/79     13.3G   0.04496  0.004696  0.009898   0.05955        30       640      0.98    0.9995    0.9951     0.554   0.06175  0.004708  0.009641
     44/79     13.3G   0.03243  0.004828  0.007183   0.04444        41       640    0.2378    0.1111    0.1121   0.05216   0.09423  0.008331   0.02201
     45/79     13.3G   0.04797  0.005047  0.009539   0.06255        29       640    0.8353    0.6306    0.7477    0.4145   0.06836  0.006802   0.01477
     46/79     13.3G    0.0414  0.004869  0.008031    0.0543        44       640    0.9249    0.5868    0.7381    0.4357   0.07629  0.006462    0.0149
     47/79     13.3G   0.03793  0.004832  0.007819   0.05058        27       640    0.8795    0.8507    0.9217    0.5056   0.07236  0.005213    0.0134
     48/79     13.3G   0.04175  0.004865   0.01041   0.05702        39       640    0.9697    0.9027    0.9742    0.5195   0.06935  0.005597   0.01057
     49/79     13.3G   0.03096  0.004743  0.005531   0.04123        26       640     0.955     0.941     0.989    0.6048   0.06145  0.005666  0.009873
     50/79     13.3G   0.04121  0.004791  0.008069   0.05407        24       640    0.9673    0.9722    0.9951    0.6137   0.05936  0.005146  0.009727
     51/79     13.3G   0.04061  0.004652  0.007744     0.053        39       640    0.9967         1    0.9951    0.6466   0.06372  0.004403  0.009541
     52/79     13.3G   0.03893  0.004908  0.007026   0.05087        37       640    0.5835    0.2362    0.2326    0.1023   0.07949  0.007723   0.01995
     53/79     13.3G   0.04244   0.00494  0.008702   0.05608        30       640    0.9885         1    0.9951     0.552    0.0599  0.004748  0.007846
     54/79     13.3G   0.03983  0.004851  0.007966   0.05265        26       640    0.9699    0.9058    0.9881    0.6263   0.07698  0.004873  0.008027
     55/79     13.3G   0.04164  0.004932  0.008343   0.05492        31       640    0.8964    0.7683    0.8543    0.4802   0.08033  0.006303   0.01105
     56/79     13.3G    0.0453  0.005116  0.009034   0.05945        22       640    0.9368    0.9997    0.9848    0.6432   0.07443  0.005051  0.008477
     57/79     13.3G   0.04195  0.004957  0.009151   0.05606        32       640    0.9544    0.9501    0.9951    0.5723   0.07222  0.005077  0.008817
     58/79     13.3G   0.03528  0.004762  0.007104   0.04714        26       640    0.9835    0.9754    0.9951    0.6165   0.06675  0.004889  0.008302
     59/79     13.3G   0.03656  0.004432  0.006403   0.04739        26       640    0.9806    0.9686    0.9917    0.5347   0.07203  0.005159  0.008656
     60/79     13.3G   0.03873  0.004562  0.009025   0.05231        27       640    0.9835    0.9688    0.9891    0.5761   0.07193  0.005216  0.008918
     61/79     13.3G   0.03895  0.004381   0.00646   0.04979        33       640    0.9753    0.8689    0.9418    0.5282   0.08228  0.005605  0.009782
     62/79     13.3G   0.03234  0.004596  0.007562    0.0445        30       640    0.9756     0.941    0.9923    0.5924   0.08075   0.00471   0.01016
     63/79     13.3G   0.03814  0.005092  0.008177   0.05141        35       640    0.9707     0.972    0.9882    0.6418   0.07494  0.005021   0.01154
     64/79     13.3G   0.02964  0.004857  0.006437   0.04093        27       640    0.9769         1    0.9951    0.5834   0.07602  0.004876  0.009643
     65/79     13.3G   0.03647  0.004775  0.008724   0.04997        24       640    0.9842    0.9837    0.9951     0.576   0.07447  0.005028  0.008944
     66/79     13.3G   0.03886  0.004749  0.007175   0.05079        35       640    0.9641         1    0.9951    0.6022   0.07123  0.005105  0.008737
     67/79     13.3G   0.03658  0.004908   0.00874   0.05023        35       640    0.9686         1    0.9951    0.5846   0.06826  0.005083   0.00863
     68/79     13.3G   0.03677  0.005038  0.007792    0.0496        43       640    0.9661         1    0.9951    0.5836   0.06374  0.005128  0.007987
     69/79     13.3G   0.04082  0.004634  0.008606   0.05406        31       640    0.9492    0.9998    0.9952    0.5738   0.06153  0.004803  0.008724
     70/79     13.3G   0.04315  0.004661  0.007356   0.05517        33       640    0.9728    0.9721    0.9924    0.5991   0.06038  0.004832  0.009335
     71/79     13.3G    0.0333  0.005057  0.005798   0.04416        29       640    0.9861    0.9999    0.9951    0.5791   0.05969  0.005017  0.008033
     72/79     13.3G    0.0308  0.004517  0.006535   0.04185        36       640    0.9882    0.9699    0.9951    0.6191   0.06082  0.005097  0.008078
     73/79     13.3G   0.03701   0.00444  0.007285   0.04873        42       640    0.9601         1    0.9951    0.5872   0.06586  0.005156  0.007754
     74/79     13.3G    0.0324  0.004244  0.006625   0.04327        28       640    0.9548    0.9999    0.9951    0.5904   0.07476  0.004918  0.007643
     75/79     13.3G   0.03108  0.004321  0.004901    0.0403        32       640    0.9644    0.9952    0.9952     0.614   0.07417  0.004664  0.007911
     76/79     13.3G   0.03424  0.004534   0.00621   0.04498        20       640    0.9773    0.9611    0.9952    0.6034    0.0732  0.004775  0.008626
     77/79     13.3G    0.0298  0.004506  0.005808   0.04012        27       640    0.9797    0.9722    0.9952    0.6034   0.07388  0.004616  0.007922
     78/79     13.3G   0.03269  0.004626  0.005763   0.04308        42       640    0.9769    0.9933    0.9952     0.613   0.07468  0.004618  0.007208
     79/79     13.3G   0.03684  0.004618  0.007352   0.04881        27       640    0.9562         1    0.9951    0.6309   0.07345  0.004822  0.006576
