      0/79     11.5G   0.07454   0.01462   0.02568    0.1148        34       640  0.004062   0.08681  0.001182 0.0001785    0.1234   0.01279    0.0296
      1/79     11.6G   0.06862   0.01179    0.0253    0.1057        31       640   0.05529    0.1181    0.0233  0.002847     0.113   0.01098   0.02814
      2/79     14.4G   0.05998   0.01106   0.02414   0.09518        32       640   0.04618    0.3611   0.03606  0.008317    0.1003    0.0102   0.02529
      3/79     14.4G   0.05611   0.01011   0.02253   0.08876        24       640   0.02078       0.5   0.02462  0.004273    0.1041  0.008626   0.02398
      4/79     14.4G   0.05767  0.009699   0.02316   0.09053        35       640    0.3558    0.2292    0.1139   0.03569   0.08635  0.008836   0.02323
      5/79     14.4G   0.05707  0.008558    0.0219   0.08753        14       640    0.3275    0.1493   0.09117   0.01419    0.1019  0.008433   0.02064
      6/79     11.6G   0.05225  0.008484   0.02056    0.0813        30       640    0.4891     0.316    0.2299   0.04764    0.0956  0.008103   0.02125
      7/79     10.4G   0.05016  0.008845   0.01951   0.07851        33       640    0.2761    0.6597    0.3964    0.1704   0.08327  0.008784   0.01982
      8/79     10.4G   0.05122  0.008587   0.01913   0.07894        30       640    0.5487    0.7346    0.7101    0.2775   0.08702  0.007657    0.0195
      9/79     10.4G   0.04887  0.007676   0.01869   0.07524        39       640    0.2136    0.5137    0.2141    0.0578   0.09363  0.007559   0.01749
     10/79     10.4G   0.04992  0.007375   0.01718   0.07448        21       640    0.6394    0.3551    0.3319    0.1079   0.09675  0.006004   0.01627
     11/79     10.4G   0.05535  0.007556    0.0187   0.08161        33       640    0.6412    0.8745    0.9454    0.5189   0.09406  0.005976    0.0155
     12/79     10.4G   0.04426  0.006553    0.0152   0.06601        39       640    0.6362    0.8177    0.8263     0.403   0.09072   0.00602   0.01542
     13/79     10.4G   0.05284  0.006613   0.01593   0.07538        28       640    0.3458    0.4571    0.3345    0.1369   0.08695  0.008042   0.01861
     14/79     10.4G   0.05101  0.006268   0.01493   0.07221        32       640    0.5839    0.8507     0.824    0.4026   0.08374  0.006534   0.01545
     15/79     10.4G   0.05024  0.006423   0.01509   0.07175        42       640    0.1359   0.06866   0.03405   0.01156    0.1053  0.008476   0.02723
     16/79     10.4G   0.05387  0.006348   0.01671   0.07693        26       640    0.8142     0.222     0.168   0.07992   0.09744   0.00733   0.02218
     17/79     10.4G   0.06255  0.007115   0.02038   0.09004        29       640         0         0         0         0    0.1174  0.008686   0.02723
     18/79     10.4G   0.05923  0.007332   0.02145   0.08801        39       640 0.0003739   0.08333 0.0001839 2.035e-05   0.08843   0.01594   0.03799
     19/79     10.4G   0.05483  0.006565   0.01814   0.07954        41       640   0.01689    0.2396   0.01713  0.002824   0.07766   0.01154   0.02123
     20/79     10.4G   0.06027  0.006763   0.01856    0.0856        19       640    0.2581    0.3939    0.2827   0.09864   0.07137  0.008788    0.0164
     21/79     10.4G   0.06232  0.006798   0.01577   0.08489        28       640     0.375    0.6181     0.425    0.1809   0.06956  0.009442   0.01401
     22/79     10.4G   0.05018  0.006434    0.0148   0.07142        31       640    0.4826    0.5091    0.4919    0.2301   0.05958   0.01078   0.01845
     23/79     10.4G   0.04373  0.006436   0.01247   0.06264        45       640    0.4737    0.4011    0.3978    0.1401   0.06001  0.009206   0.01918
     24/79     10.4G   0.05054  0.006016     0.014   0.07055        28       640      0.52    0.3644     0.355    0.1789    0.0667  0.008158   0.01826
     25/79     10.4G   0.05607  0.006334   0.01409    0.0765        20       640  0.008458     0.125  0.003101 0.0006818    0.0755   0.01184    0.0185
     26/79     10.4G   0.05465  0.006457    0.0136   0.07471        30       640    0.1152    0.3021    0.1274   0.02924   0.07192   0.01028   0.01702
     27/79     10.4G   0.06312  0.006121   0.01597   0.08522        29       640 0.0001352   0.08333 4.579e-05 4.579e-06   0.08092   0.00955   0.02641
     28/79     10.4G   0.05773  0.006395   0.01459   0.07872        38       640    0.6337    0.3851    0.4101    0.2241   0.06666   0.00826   0.01249
     29/79     10.4G   0.05038  0.006018   0.01317   0.06957        34       640    0.6299    0.5798    0.6089    0.2988   0.07362  0.007082   0.01194
     30/79     10.4G   0.04795  0.005976   0.01123   0.06516        38       640    0.5825     0.739    0.7059    0.3291    0.0675  0.006784   0.01162
     31/79     10.4G   0.04916   0.00631   0.01292   0.06838        25       640    0.7706     0.589    0.6023    0.2873   0.06127  0.007187   0.01737
     32/79     10.4G   0.06029  0.005994   0.01523   0.08152        30       640    0.9051    0.5089    0.7244    0.3631   0.06169  0.006863   0.01773
     33/79     10.4G    0.0372  0.006143   0.01068   0.05403        32       640    0.1524     0.288    0.1556   0.08873   0.08207  0.008105   0.02851
     34/79     10.4G   0.05444  0.005875   0.01404   0.07436        29       640    0.6315    0.7628    0.6288    0.3757   0.07738  0.006941   0.01577
     35/79     10.4G   0.04712  0.005986   0.01099    0.0641        26       640     0.714    0.8491    0.8222    0.4584   0.05714  0.007305   0.01163
     36/79     10.4G   0.05121  0.005982   0.01225   0.06945        26       640    0.5766    0.7674    0.7584    0.3474   0.05244  0.007235   0.01521
     37/79     10.4G   0.04624  0.006031   0.01122   0.06349        35       640    0.9558    0.9396    0.9825    0.5337   0.05011  0.006203   0.01169
     38/79     10.4G   0.04679  0.006032   0.01037   0.06319        32       640    0.9004    0.7697    0.9026    0.5201   0.05112  0.006872   0.01121
     39/79     10.4G   0.05099  0.005317   0.01123   0.06754        28       640    0.9569    0.6791    0.8526    0.3744   0.05467  0.007303   0.01154
     40/79     10.4G   0.04828   0.00534   0.01001   0.06363        33       640    0.7593    0.7077    0.8186    0.4664   0.05249  0.007293   0.01142
     41/79     10.4G   0.03834  0.005415  0.008127   0.05188        42       640    0.8635    0.9642    0.9134    0.4959   0.05046  0.005932   0.01027
     42/79     10.4G    0.0512  0.005719   0.01158   0.06849        45       640    0.9663    0.9957     0.995    0.5286    0.0485   0.00593   0.01032
     43/79     10.4G   0.04495  0.004744  0.009757   0.05945        30       640    0.9594    0.9809    0.9951    0.5579   0.04838  0.005749   0.01078
     44/79     10.4G   0.03367  0.004941  0.006816   0.04543        41       640    0.8903    0.9999    0.9896    0.4546    0.0506  0.005361   0.01102
     45/79     10.4G   0.04634  0.005097  0.009915   0.06135        29       640    0.9706         1    0.9951    0.5165   0.04958  0.005204   0.01141
     46/79     10.4G   0.03903   0.00512   0.00799   0.05214        44       640    0.9958    0.9542    0.9917    0.6062   0.04872  0.005198  0.009939
     47/79     10.4G   0.03512  0.004854  0.007574   0.04755        27       640    0.9623    0.9968    0.9951    0.5744   0.04893  0.005626  0.009491
     48/79     10.4G   0.04023  0.005016  0.008774   0.05402        39       640    0.9765    0.9898    0.9951    0.5336   0.05738   0.00566  0.008669
     49/79     10.4G   0.02806  0.004885  0.005566   0.03851        26       640    0.9643    0.9819    0.9951    0.5666   0.06313  0.005582  0.009136
     50/79     10.4G    0.0406  0.004752  0.008629   0.05398        24       640    0.8047    0.4587    0.6384    0.3694   0.07455  0.008177   0.01592
     51/79     10.4G   0.03939  0.004748  0.007627   0.05177        39       640    0.9781    0.8628    0.9418    0.5554    0.0639  0.005442  0.009026
     52/79     10.4G   0.03654  0.004633  0.007259   0.04843        37       640     0.973     0.981    0.9951    0.5969   0.05165    0.0051  0.008332
     53/79     10.4G   0.03581  0.004525  0.006067   0.04641        30       640    0.9459    0.9662    0.9574    0.4633   0.04943  0.005354  0.007907
     54/79     10.4G   0.03958  0.004403  0.006637   0.05062        26       640    0.8813     0.891      0.93    0.4859   0.04868  0.007092  0.008398
     55/79     10.4G   0.04109  0.004385  0.007022   0.05249        31       640    0.9804    0.9853    0.9952     0.599    0.0642  0.005262  0.008135
     56/79     10.4G   0.03901  0.004373  0.007217    0.0506        22       640    0.9589    0.9909    0.9952    0.6274   0.06275  0.005399  0.008503
     57/79     10.4G   0.03982  0.004597  0.006837   0.05125        32       640    0.9687     0.986    0.9952    0.5907    0.0626  0.005324  0.008099
     58/79     10.4G   0.03382  0.004399  0.005469   0.04369        26       640    0.9873    0.9851    0.9952    0.5753   0.05831  0.005184  0.007681
     59/79     10.4G   0.03202  0.004137  0.005274   0.04143        26       640    0.9724    0.9989    0.9952    0.5304   0.05111  0.005101  0.007619
     60/79     10.4G   0.03734  0.004323  0.006297   0.04796        27       640     0.983    0.9757    0.9952    0.5572   0.04609   0.00547  0.008013
     61/79     10.4G   0.03623  0.004189  0.005658   0.04608        33       640    0.9632         1    0.9952    0.5294   0.04763  0.005477  0.008284
     62/79     10.4G   0.03335  0.004217  0.005637    0.0432        30       640    0.9755    0.9999    0.9951     0.536   0.04818   0.00555  0.008357
     63/79     10.4G   0.03196  0.004541  0.005311   0.04181        35       640    0.9756         1    0.9951    0.5564   0.04767  0.005505  0.008183
     64/79     10.4G   0.02882  0.004259   0.00487   0.03795        27       640    0.9892    0.9999    0.9952    0.5749   0.04645  0.005051  0.008796
     65/79     10.4G   0.02798  0.004161  0.004257    0.0364        24       640    0.9903         1    0.9952    0.5896   0.04591  0.005117   0.00837
     66/79     10.4G   0.03555  0.004171  0.005536   0.04526        35       640    0.9832    0.9998    0.9952    0.5872   0.04591  0.005375  0.007833
     67/79     10.4G   0.03619  0.004314  0.006981   0.04748        35       640     0.934    0.9999    0.9952    0.5278   0.04752  0.005708  0.007852
     68/79     10.4G   0.03243  0.004464  0.005797    0.0427        43       640    0.9851    0.9825    0.9952    0.5763   0.04609  0.005082  0.008838
     69/79     10.4G   0.03655   0.00415  0.006653   0.04735        31       640    0.9883    0.9758    0.9953    0.5943   0.04571  0.005087  0.009066
     70/79     10.4G   0.04011  0.004218  0.006814   0.05115        33       640    0.9883    0.9833    0.9953    0.6098   0.04563  0.005188  0.008317
     71/79     10.4G   0.02986  0.004505  0.004687   0.03905        29       640    0.9907    0.9999    0.9953    0.5709   0.04662  0.005163  0.007057
     72/79     10.4G   0.02938   0.00412  0.005593   0.03909        36       640    0.9603    0.9998    0.9952    0.5333    0.0462  0.005202   0.00674
     73/79     10.4G   0.03245  0.003985  0.005518   0.04196        42       640     0.991    0.9707    0.9953    0.5962   0.04582  0.004987  0.007758
     74/79     10.4G   0.03049  0.003872  0.004878   0.03924        28       640    0.9874    0.9688    0.9953    0.5871   0.04598  0.005019  0.008114
     75/79     10.4G   0.03078  0.003928  0.004386   0.03909        32       640    0.9928    0.9698    0.9953    0.5936   0.04458  0.004934    0.0075
     76/79     10.4G   0.02999  0.004011  0.004368   0.03837        20       640    0.9815         1    0.9952    0.5528   0.04592  0.004908  0.006894
     77/79     10.4G   0.02762  0.004076  0.004719   0.03642        27       640    0.9798         1    0.9953    0.5733   0.04451    0.0049  0.007093
     78/79     10.4G   0.03087  0.004181  0.004939   0.03999        42       640    0.9863    0.9688    0.9953    0.5863   0.04468  0.005002  0.008512
     79/79     10.4G   0.03083  0.004083  0.005321   0.04023        27       640    0.9886    0.9688    0.9953    0.5909   0.04398  0.005089  0.008258
