      0/79     11.7G   0.07463   0.01463   0.02568    0.1149        34       640  0.003315   0.05903  0.001496 0.0002534     0.124   0.01257   0.02916
      1/79     11.7G   0.06683   0.01179    0.0245    0.1031        31       640   0.02742    0.0625  0.009967   0.00156    0.1121   0.01061   0.02799
      2/79     10.5G   0.06185   0.01098   0.02451   0.09734        32       640   0.02487    0.1736   0.02496  0.005914    0.1027   0.01004   0.02656
      3/79     10.5G   0.05597    0.0102   0.02297   0.08914        24       640   0.05685    0.1996   0.06041   0.01414   0.09852  0.009421   0.02551
      4/79     10.5G   0.05514  0.009823   0.02273   0.08769        35       640    0.4753     0.274     0.191   0.03919   0.09696   0.00883   0.03002
      5/79     10.5G   0.05344  0.008866   0.02103   0.08334        14       640    0.3777    0.5312    0.4409    0.1342   0.08586  0.009233   0.02658
      6/79     10.5G   0.05028  0.008966   0.01955   0.07879        30       640    0.2599    0.5265    0.3326    0.1069   0.08848  0.008466   0.02847
      7/79     10.5G   0.04909  0.008903   0.01845   0.07645        33       640   0.05007    0.2535   0.05542   0.01669   0.08612  0.008298   0.02432
      8/79     10.5G   0.05026  0.008751   0.01744   0.07645        30       640    0.5463       0.5    0.5552     0.148   0.05705  0.008736   0.02094
      9/79     10.5G   0.04855  0.007763    0.0183   0.07461        39       640    0.3268    0.1955    0.2038   0.05071   0.05798  0.008863   0.02125
     10/79     10.5G   0.04624  0.007229   0.01548   0.06895        21       640    0.3461    0.5278    0.4803    0.1222    0.0671  0.007041   0.02005
     11/79     10.5G   0.05657  0.007222   0.01808   0.08187        33       640    0.4657    0.7098    0.5993    0.2135   0.08151  0.006663   0.01816
     12/79     10.5G   0.04487  0.006271   0.01409   0.06523        39       640    0.7679     0.757    0.7815      0.48    0.0889  0.006408   0.01549
     13/79     10.5G   0.05196  0.006093   0.01463   0.07268        28       640    0.3826    0.6862    0.5309    0.2155   0.06861  0.006469   0.01539
     14/79     10.5G   0.05476   0.00674   0.01843   0.07992        32       640         0         0         0         0   0.09623     4.777   0.03137
     15/79     10.5G   0.05463  0.006555   0.01734   0.07853        42       640    0.3234    0.8208    0.6032    0.2609   0.09524  0.007871   0.01792
     16/79     10.5G   0.05068  0.005971   0.01451   0.07115        26       640    0.6286    0.7222     0.728    0.2584   0.09457  0.007106   0.01583
     17/79     10.5G   0.04965  0.005843   0.01306   0.06855        29       640     0.568     0.688     0.711    0.2378   0.08496  0.006916   0.01627
     18/79     10.5G   0.05298  0.005595   0.01344   0.07202        39       640     0.778    0.8756    0.8702    0.3215    0.0787  0.005761   0.01373
     19/79     10.5G   0.04733  0.005348    0.0115   0.06417        41       640    0.7432    0.9366    0.9085    0.3868   0.07736  0.005642   0.01223
     20/79     10.5G   0.05221  0.005524   0.01266   0.07039        19       640    0.7318    0.9167    0.9279    0.3501   0.08086  0.005226   0.01133
     21/79     10.5G   0.05611  0.005541   0.01393   0.07558        28       640   0.06525    0.2158   0.08357   0.04594    0.0773  0.008704   0.01919
     22/79     10.5G   0.04967  0.005577    0.0134   0.06865        31       640    0.8951    0.4159    0.5691    0.2499   0.06389  0.008299   0.01364
     23/79     10.5G   0.04307  0.005723  0.009983   0.05878        45       640    0.7124    0.7951    0.7752    0.3404   0.05339  0.006888   0.01311
     24/79     10.5G   0.04817   0.00554   0.01167   0.06538        28       640    0.8685       0.7    0.8026    0.4127    0.0515  0.007389   0.01275
     25/79     10.5G   0.04904  0.005416      0.01   0.06446        20       640    0.7256    0.8542     0.923    0.3822   0.05077  0.007016   0.01431
     26/79     10.5G   0.05272  0.005626   0.01151   0.06986        30       640    0.9433     0.969    0.9923    0.4903   0.06329  0.005944   0.01139
     27/79     10.5G   0.05381  0.005009   0.01119   0.07001        29       640    0.8441    0.9127    0.9428     0.461   0.06463  0.006555   0.01155
     28/79     10.5G   0.05201  0.005231   0.01086    0.0681        38       640    0.9647     0.969    0.9866    0.5327   0.08068  0.005467   0.01177
     29/79     10.5G   0.04445   0.00507  0.009501   0.05902        34       640     0.875    0.9257    0.8924      0.42   0.08297  0.005347   0.01216
     30/79     10.5G   0.04062  0.005071  0.008397   0.05409        38       640     0.914    0.9081    0.9758    0.5474   0.08443  0.005284   0.01107
     31/79     10.5G   0.04383  0.005244  0.008812   0.05789        25       640    0.9988     0.845    0.9409    0.5412   0.08175   0.00615   0.01172
     32/79     10.5G   0.05321  0.004927   0.01061   0.06875        30       640    0.9811    0.9328    0.9893    0.5767   0.08329  0.005546   0.01009
     33/79     10.5G   0.03292  0.004988  0.007009   0.04492        32       640     0.895    0.7758    0.8707    0.3934   0.08349  0.005522   0.01094
     34/79     10.5G   0.04834  0.004893  0.008633   0.06187        29       640    0.7609    0.4841    0.4752    0.2666    0.0818   0.00835   0.01245
     35/79     10.5G   0.04155  0.004778  0.008126   0.05445        26       640    0.9459    0.9688    0.9716    0.5153   0.08347  0.005057    0.0117
     36/79     10.5G   0.04393   0.00472  0.008137   0.05679        26       640      0.89    0.2639    0.2936    0.1316    0.1038  0.007713   0.01953
     37/79     10.5G   0.04245  0.004946  0.008585   0.05598        35       640         1    0.1248    0.1658    0.1041    0.1113  0.007725   0.02038
     38/79     10.5G   0.04515  0.004986  0.008662    0.0588        32       640    0.9295    0.9462    0.9923    0.5728   0.08364   0.00511  0.009932
     39/79     10.5G   0.05055  0.004511  0.008307   0.06337        28       640    0.9502    0.9844    0.9951     0.541    0.0801  0.004823   0.01138
     40/79     10.5G   0.04479  0.004576  0.007953   0.05732        33       640    0.8971    0.9999    0.9895     0.574   0.08087  0.005074   0.01221
     41/79     10.5G   0.03736  0.004456  0.006171   0.04799        42       640     0.969    0.9722    0.9923    0.6122   0.07938  0.004701   0.01137
     42/79     10.5G   0.04758  0.004487  0.008899   0.06097        45       640    0.9878    0.9994    0.9951    0.5921   0.08091  0.004835   0.01135
     43/79     10.5G   0.04451  0.004184  0.009114   0.05781        30       640    0.9066    0.3762    0.4595    0.2086   0.08635  0.008517   0.01664
     44/79     10.5G   0.03126  0.004602  0.005945   0.04181        41       640    0.9113    0.4444    0.4366    0.1936   0.09023  0.007984   0.01706
     45/79     10.5G   0.04532  0.004879   0.00898   0.05918        29       640    0.9402    0.3558    0.4701    0.2247   0.08747   0.00782   0.01569
     46/79     10.5G   0.04008  0.004755  0.009611   0.05445        44       640    0.6889    0.7741    0.8035    0.4813    0.0834  0.005967     0.012
     47/79     10.5G   0.03443  0.004713   0.00665    0.0458        27       640    0.8786    0.9997    0.9923     0.578    0.0846  0.005051   0.01024
     48/79     10.5G   0.04103  0.004474  0.008126   0.05363        39       640    0.9312    0.9565    0.9771    0.5365   0.08127  0.005106   0.01059
     49/79     10.5G   0.02723  0.004332  0.004434   0.03599        26       640    0.9347    0.9211    0.9779    0.6213   0.07684  0.004743   0.01044
     50/79     10.5G   0.03777  0.004128   0.00742   0.04932        24       640    0.9578         1    0.9951    0.5618   0.07676  0.004983  0.009478
     51/79     10.5G   0.03505   0.00421  0.006674   0.04594        39       640    0.9565         1    0.9952    0.6257   0.07123  0.004651  0.008327
     52/79     10.5G   0.03498  0.004182  0.006722   0.04588        37       640    0.9921    0.9718    0.9951     0.574   0.07233  0.004519  0.008371
     53/79     10.5G   0.03931  0.004269  0.007185   0.05076        30       640    0.9747         1    0.9951    0.5022   0.07532  0.004601  0.008867
     54/79     10.5G   0.03958  0.004209   0.00725   0.05104        26       640    0.9679         1    0.9952     0.562   0.07192  0.004602  0.008505
     55/79     10.5G   0.04026  0.004168  0.007835   0.05226        31       640    0.9572    0.9297    0.9951    0.5217   0.07536  0.004831  0.009011
     56/79     10.5G   0.04415  0.004241  0.007513    0.0559        22       640    0.9795    0.9789    0.9952    0.5859   0.07502   0.00442  0.008622
     57/79     10.5G    0.0432  0.004343   0.00781   0.05536        32       640    0.9643    0.9683    0.9952    0.5933   0.07857  0.004329  0.009162
     58/79     10.5G   0.03383  0.004192  0.005439   0.04346        26       640     0.973    0.9885    0.9952     0.649    0.0736  0.004321    0.0086
     59/79     10.5G   0.02733  0.003918  0.005266   0.03652        26       640    0.9986    0.9836    0.9952    0.5705   0.07219  0.004696    0.0088
     60/79     10.5G   0.03339  0.004166   0.00566   0.04322        27       640    0.9925    0.9847    0.9951    0.6325   0.07077   0.00482  0.009153
     61/79     10.5G   0.03728  0.003877  0.005792   0.04695        33       640    0.9884         1    0.9952     0.586   0.07337  0.004682  0.009024
     62/79     10.5G   0.02891  0.003839  0.005072   0.03782        30       640    0.9905         1    0.9952    0.5481   0.07452  0.004729  0.008979
     63/79     10.5G   0.03212  0.004136   0.00501   0.04127        35       640    0.9821    0.9999    0.9952    0.5736   0.07584  0.004785  0.009073
     64/79     10.5G   0.02884  0.003928  0.004219   0.03699        27       640     0.978    0.9994    0.9952    0.5372   0.07558  0.004671  0.009011
     65/79     10.5G   0.03114  0.003858  0.004608   0.03961        24       640    0.9682    0.9999    0.9953    0.5749   0.07517  0.004547  0.008984
     66/79     10.5G   0.03542  0.003854  0.005294   0.04457        35       640    0.9649    0.9999    0.9952    0.5687    0.0776  0.004565  0.009068
     67/79     10.5G   0.03468  0.004039  0.006125   0.04485        35       640    0.9788         1    0.9953    0.5778   0.07693  0.004463   0.00899
     68/79     10.5G   0.03239  0.004143  0.005051   0.04159        43       640      0.96         1    0.9954    0.6328   0.07301  0.004533  0.008759
     69/79     10.5G   0.03768  0.003856  0.006699   0.04824        31       640    0.9817     0.945    0.9953     0.612   0.07271  0.004683     0.009
     70/79     10.5G   0.04169  0.003967  0.007227   0.05288        33       640    0.9781         1    0.9953    0.6162   0.07296  0.004572  0.008817
     71/79     10.5G   0.02905  0.004135  0.003884   0.03707        29       640    0.9918         1    0.9953    0.6195   0.07203  0.004322  0.008796
     72/79     10.5G   0.02978  0.003823  0.005435   0.03903        36       640    0.9868    0.9999    0.9953    0.6031   0.06957  0.004391  0.008877
     73/79     10.5G   0.03468  0.003861  0.006205   0.04475        42       640     0.983         1    0.9953    0.5904   0.07109  0.004471  0.008907
     74/79     10.5G      0.03  0.003627   0.00472   0.03835        28       640    0.9818         1    0.9954    0.6087   0.07217  0.004493  0.008995
     75/79     10.5G   0.03086  0.003803  0.004399   0.03907        32       640     0.981         1    0.9954    0.5974   0.07213  0.004553  0.009036
     76/79     10.5G   0.03306  0.003758  0.004404   0.04123        20       640      0.98         1    0.9953    0.6234    0.0701  0.004469  0.008983
     77/79     10.5G   0.02728   0.00397  0.004772   0.03602        27       640    0.9849         1    0.9951    0.6272   0.07022  0.004641  0.008989
     78/79     10.5G    0.0294  0.004345  0.005011   0.03875        42       640    0.9765    0.9999    0.9953    0.5889   0.07296  0.004607  0.008908
     79/79     10.5G   0.03335  0.004254  0.005298    0.0429        27       640    0.9671    0.9999    0.9953    0.6293   0.07247  0.004355  0.008638
