      0/79     2.52G   0.04632   0.01384   0.02718   0.08734        25       640    0.1067    0.4137    0.1018   0.06499   0.01521  0.004878   0.01103
      1/79     10.1G   0.04575   0.01124   0.02639   0.08338        29       640   0.08477    0.1441   0.02958   0.01223   0.03257  0.003004   0.01083
      2/79     10.1G   0.04865   0.01169   0.02633   0.08666        20       640    0.2856  0.004329  0.005023 0.0005157   0.03373       nan       nan
      3/79     10.1G   0.04221   0.01066   0.02239   0.07525        20       640  0.003865    0.5328  0.002703  0.002012   0.02617     1.934     1.287
      4/79     10.1G   0.03775   0.01042   0.02066   0.06884        29       640   0.00356   0.06342  0.001072 0.0002539   0.02712  0.004371   0.01065
      5/79     10.1G   0.03104  0.009872    0.0174   0.05832        32       640    0.3127   0.06824   0.03842   0.02256   0.03001  0.003066   0.01103
      6/79     10.1G   0.03099  0.009859   0.01762   0.05847        44       640    0.1763    0.1793    0.0403   0.01272   0.02591   0.02516    0.1403
      7/79     10.1G   0.02245  0.009229   0.01511   0.04679        49       640   0.08746    0.7972     0.169    0.1326   0.01028  0.003623    0.0122
      8/79     10.1G   0.02612  0.008929   0.01643   0.05148        35       640    0.4143    0.2398     0.128    0.0961  0.008952  0.004245   0.01461
      9/79     10.1G   0.02787   0.00827   0.01797   0.05411        30       640    0.1263    0.8326    0.2108    0.1795  0.005802   0.00277   0.01122
     10/79     10.1G   0.02536  0.008056   0.01753   0.05094        23       640    0.2735    0.5627    0.1745    0.1344  0.007804  0.003287   0.01488
     11/79     10.1G   0.03079  0.008231   0.01976   0.05878        23       640    0.2884    0.4017    0.1843    0.1499  0.006485   0.00286   0.01056
     12/79     10.1G   0.03015  0.008076   0.01979   0.05802        29       640     0.137    0.5129    0.1555    0.1413  0.005903  0.003617   0.01208
     13/79     10.1G   0.02953  0.007801   0.02048   0.05781        31       640    0.1387    0.5844    0.1379    0.1138  0.007112  0.003319    0.0106
     14/79     10.1G   0.02999  0.008373   0.02181   0.06017        35       640    0.2602    0.4769    0.1635   0.08589   0.01515  0.003673   0.01023
     15/79     10.1G   0.02703  0.008507   0.01943   0.05497        25       640    0.1243    0.3948    0.1561   0.05049   0.01426  0.003338   0.01036
     16/79     10.1G   0.02762  0.008034   0.02075   0.05641        38       640    0.1104    0.6644     0.157   0.09215   0.00829  0.002564   0.01033
     17/79     10.1G   0.02946  0.007856   0.02096   0.05828        32       640    0.1562    0.8815    0.2541    0.2256  0.003943  0.002833   0.01019
     18/79     10.1G   0.02839   0.00753   0.02078   0.05669        28       640    0.1538       0.8    0.2402    0.1752  0.004528  0.003093   0.01006
     19/79     10.1G   0.03154  0.008134   0.02145   0.06113        28       640   0.05242     0.351    0.0908   0.03785  0.008342   0.00441    0.0101
     20/79     10.1G   0.02976  0.008442   0.02044   0.05864        33       640    0.3626    0.3061    0.1322   0.09243   0.01448  0.004587    0.0123
     21/79     10.1G   0.02896  0.007873   0.02089   0.05772        33       640    0.2633    0.5193    0.1723    0.1132  0.005356  0.002773   0.01025
     22/79     10.1G    0.0268  0.008024   0.02057   0.05539        23       640    0.2548    0.7682    0.2712    0.2336  0.003934  0.002784    0.0103
     23/79     10.1G   0.02673  0.007596   0.02031   0.05464        35       640    0.2587     0.419    0.1658    0.1329   0.01145  0.003089   0.01156
     24/79     10.1G   0.02493   0.00748   0.02032   0.05272        33       640    0.2697    0.6231    0.2712    0.1732  0.004893  0.002872   0.01022
     25/79     10.1G   0.02529  0.007422   0.01995   0.05266        24       640      0.58    0.3481    0.2574    0.1482   0.00549    0.0032  0.009866
     26/79     10.1G    0.0222  0.007259   0.01894   0.04841        30       640    0.1592    0.8796    0.3142    0.2629  0.003431  0.002234  0.009831
     27/79     10.1G   0.02491  0.007428   0.02058   0.05291        19       640     0.136    0.7722    0.2502    0.1563  0.009958  0.002432   0.01021
     28/79     10.1G   0.02549   0.00751   0.02051   0.05351        30       640    0.1717    0.7584    0.3004    0.2638  0.002913  0.002392  0.009926
     29/79     10.1G   0.02494   0.00716   0.02117   0.05327        25       640    0.7234    0.3268    0.3708    0.3305   0.00286  0.002303   0.00933
     30/79     10.1G   0.02336  0.006913   0.02022    0.0505        24       640    0.2564    0.3061    0.1674    0.1259     0.021  0.003343   0.01212
     31/79     10.1G   0.02252   0.00701   0.01971   0.04924        43       640    0.1771    0.7361    0.3043    0.2613  0.003309  0.002601   0.01039
     32/79     10.1G   0.02255  0.007289    0.0207   0.05054        35       640    0.1359    0.8306    0.3073    0.2773  0.003521  0.002682   0.01013
     33/79     10.1G   0.02341  0.007156   0.02143     0.052        39       640    0.1872    0.7618    0.3043    0.2001  0.005621  0.002438  0.009961
     34/79     10.1G   0.02446  0.006874   0.02148   0.05281        36       640    0.5737    0.4351    0.3309    0.2652  0.004146  0.002791  0.009774
     35/79     10.1G   0.01984  0.007256   0.02073   0.04783        20       640    0.1559    0.9388    0.3785    0.3259  0.003251  0.002256  0.009481
     36/79     10.1G   0.01985  0.006887   0.02045   0.04718        26       640    0.1968    0.8217    0.3976    0.3252  0.003363  0.002636  0.009152
     37/79     10.1G     0.021  0.006619   0.02119   0.04881        30       640    0.6567    0.4741    0.3688    0.3428  0.002818  0.002254  0.009295
     38/79     10.1G   0.02039  0.006748   0.02059   0.04772        36       640    0.1608    0.9784     0.346    0.3147  0.002942  0.002402  0.009871
     39/79     10.1G   0.01931   0.00718   0.02098   0.04747        34       640    0.6774    0.2625    0.2798    0.1436  0.004579  0.003186  0.009238
     40/79     10.1G   0.01989   0.00685    0.0213   0.04803        32       640    0.6672     0.388    0.4657     0.365  0.003659  0.002733  0.008752
     41/79     10.1G   0.01804  0.006735   0.02051   0.04529        31       640    0.1627    0.6716    0.2959    0.2382  0.002642   0.00292  0.009197
     42/79     10.1G   0.01735  0.007213   0.01976   0.04433        35       640    0.7499    0.4487      0.48    0.4034  0.004282   0.00257  0.008831
     43/79     10.1G   0.01686  0.007207   0.01946   0.04352        37       640    0.5994    0.3977    0.3506    0.2817  0.004801  0.002892  0.008959
     44/79     10.1G   0.01715  0.006998   0.01972   0.04387        25       640    0.1912    0.6566    0.3438    0.2747  0.006137  0.002568  0.009508
     45/79     10.1G   0.01773  0.006853   0.01983   0.04441        22       640    0.5533    0.3361    0.3729    0.3116  0.003821  0.002676  0.009238
     46/79     10.1G   0.01551  0.006713   0.01917   0.04139        24       640     0.786    0.3687    0.5071    0.4643  0.002754   0.00219  0.008353
     47/79     10.1G     0.014  0.006722    0.0189   0.03962        30       640    0.2074    0.7325    0.4238    0.3335  0.004122  0.002601  0.009081
     48/79     10.1G   0.01659   0.00653   0.01957   0.04269        43       640    0.7192     0.301    0.4024    0.2797  0.005532  0.003271    0.0094
     49/79     10.1G   0.01654  0.006743    0.0196   0.04289        25       640     0.151    0.5935    0.1992     0.184  0.002749   0.00193   0.01057
     50/79     10.1G   0.01507  0.007069    0.0189   0.04105        37       640    0.7475    0.2716    0.2938    0.2194  0.004862  0.002668  0.008105
     51/79     10.1G   0.01463  0.006883   0.01832   0.03983        26       640      0.68    0.3494    0.4189    0.3234  0.003768  0.002551  0.008547
     52/79     10.1G   0.01328  0.006483   0.01839   0.03815        31       640     0.722    0.3051    0.4134    0.3619  0.003657  0.002044  0.008825
     53/79     10.1G    0.0136  0.006453   0.01831   0.03837        30       640    0.2388    0.7582    0.5024    0.4501  0.003504  0.002237  0.008264
     54/79     10.1G    0.0121  0.006243   0.01792   0.03626        20       640    0.7129    0.4498     0.543    0.4953  0.003403  0.002106  0.007508
     55/79     10.1G    0.0135  0.006351   0.01842   0.03827        28       640    0.6974    0.4212    0.4461    0.4059  0.003421  0.001964  0.008305
     56/79     10.1G   0.01297  0.006234    0.0184   0.03761        36       640    0.6904    0.5467    0.6327    0.5579  0.003398   0.00216  0.007168
     57/79     10.1G   0.01298  0.006278    0.0183   0.03755        25       640    0.5709    0.5566    0.5786    0.5009  0.003108  0.002422  0.007013
     58/79     10.1G   0.01181  0.005855   0.01816   0.03582        23       640    0.4323    0.6498    0.6606    0.6178  0.003079  0.001792  0.007169
     59/79     10.1G   0.01226  0.006143   0.01816   0.03656        20       640    0.3497    0.7322    0.6548     0.593  0.003202     0.002  0.006995
     60/79     10.1G    0.0126  0.006082   0.01818   0.03687        26       640    0.3575    0.6555    0.6117    0.5493  0.003045  0.001885  0.007449
     61/79     10.1G   0.01179  0.005983   0.01803    0.0358        40       640    0.5357     0.637    0.6392      0.59  0.003048  0.001805   0.00708
     62/79     10.1G   0.01394  0.006207   0.01869   0.03884        36       640    0.4999    0.7044    0.6656    0.6256  0.002852  0.001887  0.006183
     63/79     10.1G   0.01242  0.005897   0.01798    0.0363        29       640    0.3696    0.6132    0.6153    0.5644  0.003109  0.001745  0.007008
     64/79     10.1G   0.01146  0.005823   0.01779   0.03507        33       640    0.2892    0.5386    0.4392    0.3759  0.004142  0.002058  0.008957
     65/79     10.1G   0.01336  0.005691    0.0184   0.03745        27       640    0.3974     0.616    0.6549    0.6042  0.003239  0.002015  0.006928
     66/79     10.1G   0.01317  0.006058    0.0182   0.03743        22       640    0.7422    0.4991    0.6265    0.5846  0.003081  0.001986  0.006999
     67/79     10.1G   0.01035  0.005726   0.01758   0.03366        28       640     0.645    0.6367    0.7398    0.6871  0.002991  0.002126  0.005996
     68/79     10.1G   0.01197  0.005882   0.01799   0.03584        36       640    0.6278    0.4608    0.4448    0.3863  0.003464  0.002034  0.008362
     69/79     10.1G   0.01088  0.005783   0.01763    0.0343        32       640    0.5791    0.6112      0.65    0.6067  0.003055  0.001674  0.006496
     70/79     10.1G   0.01015  0.005607   0.01743   0.03319        32       640    0.3414    0.8808    0.6624    0.6308  0.002941   0.00166  0.006498
     71/79     10.1G   0.01063   0.00589   0.01749   0.03401        34       640    0.5283    0.5393    0.5646     0.524  0.002943  0.001779   0.00748
     72/79     10.1G   0.01052   0.00572    0.0177   0.03395        21       640    0.5746    0.5776    0.6403    0.6074  0.002906  0.001669  0.006772
     73/79     10.1G    0.0102  0.005673   0.01751   0.03338        43       640    0.6771    0.5913    0.6789    0.6439  0.002713   0.00178  0.005988
     74/79     10.1G  0.009863  0.005611   0.01732   0.03279        38       640    0.5548    0.5828    0.6374    0.6096  0.002735  0.001661   0.00665
     75/79     10.1G  0.009279  0.005513   0.01753   0.03232        32       640     0.836    0.4822    0.6622    0.6261  0.002909  0.001778  0.006211
     76/79     10.1G   0.01194  0.005665   0.01793   0.03554        35       640      0.56    0.5833    0.6467    0.6111   0.00283  0.001771  0.006047
     77/79     10.1G    0.0113  0.005418   0.01759   0.03431        34       640     0.654    0.5899    0.7009    0.6718  0.002722  0.001625  0.005854
     78/79     10.1G  0.009259  0.005499   0.01738   0.03214        30       640    0.5726     0.595    0.6191    0.5889  0.002831  0.001766  0.006483
     79/79     10.1G  0.009601  0.005433   0.01734   0.03238        32       640    0.5521     0.547    0.5541    0.5042  0.002961  0.002473  0.007676
