      0/79     2.11G   0.04846   0.01398   0.02915   0.09159        25       640   0.04669    0.4231    0.0791   0.02676    0.0196  0.005313   0.01098
      1/79       10G   0.04383   0.01085   0.02595   0.08063        29       640 0.0005017    0.1268 8.696e-05 2.481e-05   0.03758   0.03385   0.01521
      2/79     10.1G   0.04765   0.01243    0.0261   0.08617        20       640   0.03264    0.2146   0.04479   0.01782   0.02852   0.08543   0.05945
      3/79     10.1G   0.03759   0.01143   0.02161   0.07063        20       640   0.03112    0.3326   0.03423   0.02485   0.03061    0.1335   0.05529
      4/79     10.1G   0.03067   0.01087   0.01715   0.05868        29       640    0.2365    0.4478    0.1428   0.09655  0.009084  0.003575    0.0105
      5/79     10.1G    0.0319   0.01152    0.0184   0.06182        32       640   0.05035  0.008571  0.003964 0.0004011   0.04825    0.1902     6.501
      6/79     10.1G   0.03262   0.01199   0.02003   0.06464        44       640    0.2514    0.5969    0.1779    0.1555  0.008426  0.002669   0.01043
      7/79     10.1G   0.02098   0.01034   0.01488   0.04621        49       640    0.4389    0.4213    0.1781    0.1369  0.009378  0.002728    0.0105
      8/79     10.1G   0.02455   0.01043   0.01665   0.05163        35       640    0.6548    0.1576    0.1377   0.05008   0.01508  0.002894   0.01062
      9/79     10.1G   0.02181  0.009974   0.01591    0.0477        30       640    0.2621    0.4542    0.1416   0.09072   0.01088  0.003436   0.01057
     10/79     10.1G   0.02092  0.009604   0.01624   0.04676        23       640    0.1361     0.901    0.2128    0.1778  0.004392   0.00213   0.01047
     11/79     10.1G   0.02374   0.00956   0.01727   0.05057        23       640    0.2905    0.6867    0.2232    0.1879  0.004465  0.002324   0.01036
     12/79     10.1G   0.02216  0.009258   0.01671   0.04813        29       640    0.4321    0.5228    0.2057    0.1694  0.004147  0.002462   0.01033
     13/79     10.1G   0.02288  0.008967   0.01774   0.04959        31       640    0.1289    0.6801    0.2167    0.1825  0.003963  0.002091   0.01035
     14/79     10.1G   0.02274  0.008725   0.01748   0.04895        35       640    0.1476    0.8264    0.2648    0.2164  0.005084  0.002317   0.01022
     15/79     10.1G   0.02096  0.008565   0.01711   0.04663        25       640    0.1958    0.9408    0.3243    0.2769  0.004051  0.002198   0.01009
     16/79     10.1G     0.019  0.008202   0.01737   0.04457        38       640    0.1824    0.8279    0.2661    0.1812  0.005699  0.002327  0.009946
     17/79     10.1G   0.02033  0.008048   0.01768   0.04605        32       640    0.1793    0.6205    0.1933      0.12  0.005931  0.002955   0.01017
     18/79     10.1G   0.01937   0.00787   0.01727   0.04451        28       640    0.1468    0.8836    0.2892    0.2631  0.003867  0.002304  0.009598
     19/79     10.1G   0.01987  0.007989   0.01743   0.04529        28       640    0.1454    0.8159    0.3141    0.2397  0.003878  0.002601   0.00917
     20/79     10.1G    0.0185  0.007715   0.01635   0.04256        33       640    0.1872    0.8804    0.2982    0.2555  0.004281  0.002435  0.009966
     21/79     10.1G   0.01818  0.007603   0.01645   0.04223        33       640    0.3089    0.6195     0.324    0.2911   0.00324  0.002249  0.009492
     22/79     10.1G   0.01879  0.007746   0.01668   0.04322        23       640    0.6427     0.452     0.391    0.3463  0.002849  0.002616  0.009317
     23/79     10.1G   0.01957  0.007288   0.01653   0.04339        35       640    0.3141    0.6871    0.3474    0.3143  0.003346  0.002401  0.009726
     24/79     10.1G   0.01789  0.007358   0.01612   0.04137        33       640    0.1553    0.9511    0.3694    0.3385  0.003493  0.002434  0.009199
     25/79     10.1G   0.02048  0.007162   0.01665    0.0443        24       640    0.6107    0.3965    0.3296    0.2513  0.004051   0.00287   0.00931
     26/79     10.1G   0.01893  0.007024   0.01668   0.04263        30       640    0.1937    0.8592    0.3518     0.293  0.003703  0.002088  0.009263
     27/79     10.1G   0.02071  0.007171   0.01692   0.04479        19       640    0.6199    0.3577    0.2973    0.1907  0.004363  0.002233  0.009585
     28/79     10.1G   0.01873  0.007211   0.01637   0.04232        30       640     0.731    0.4115    0.4246    0.3517  0.002931  0.002403   0.00897
     29/79     10.1G   0.01857  0.007107    0.0163   0.04198        25       640    0.2237    0.6546     0.364     0.268  0.003217  0.002803  0.009238
     30/79     10.1G   0.01735  0.006686   0.01549   0.03953        24       640    0.7497    0.4088    0.4602    0.4222   0.00245  0.001911  0.008611
     31/79     10.1G   0.01858  0.006843    0.0156   0.04102        43       640    0.7493    0.3955    0.4767      0.43  0.002539  0.001905  0.008646
     32/79     10.1G    0.0191   0.00695   0.01657   0.04262        35       640    0.7593    0.4459    0.5033    0.4615  0.002964  0.001974   0.00817
     33/79     10.1G   0.01899  0.006814   0.01565   0.04145        39       640    0.2102    0.9112    0.4759    0.4446  0.002402  0.001982  0.008717
     34/79     10.1G   0.01902  0.006579   0.01631   0.04192        36       640      0.71    0.3915    0.4218    0.3199  0.004836  0.002486  0.009168
     35/79     10.1G   0.01764  0.007108   0.01609   0.04083        20       640    0.2288    0.8908    0.5204    0.4648  0.003502  0.001994  0.008376
     36/79     10.1G   0.01963   0.00686   0.01677   0.04326        26       640    0.7809    0.4251    0.5263    0.4825  0.002778  0.001886  0.007918
     37/79     10.1G   0.01708  0.006665   0.01562   0.03937        30       640    0.3127    0.8974    0.6065    0.5485  0.003167  0.001814   0.00715
     38/79     10.1G   0.01574  0.006438   0.01477   0.03695        36       640    0.2775    0.8554    0.5538     0.507  0.002856  0.001732  0.007607
     39/79     10.1G   0.01571  0.006706   0.01543   0.03785        34       640    0.7684    0.4621    0.5439    0.4497   0.00392  0.002118  0.007624
     40/79     10.1G   0.01775  0.006553   0.01622   0.04052        32       640    0.7976    0.4498    0.5615    0.5224  0.002611  0.001981  0.007692
     41/79     10.1G   0.01696  0.006553    0.0159   0.03941        31       640    0.8041    0.4535    0.5453    0.4737   0.00318  0.002022  0.007288
     42/79     10.1G   0.01562   0.00671   0.01555   0.03788        35       640     0.786    0.4626    0.5394     0.479   0.00363  0.002143  0.007844
     43/79     10.1G   0.01734  0.006707   0.01588   0.03993        37       640    0.3016    0.7719    0.5729    0.5111  0.003236  0.001955  0.007361
     44/79     10.1G    0.0172  0.006648   0.01556   0.03941        25       640    0.3849    0.6773    0.5816    0.5409  0.002999  0.001705  0.007611
     45/79     10.1G   0.01811  0.006509   0.01575   0.04037        22       640    0.3392    0.7641    0.6062    0.5489  0.003476  0.002188  0.007069
     46/79     10.1G   0.01516  0.006463   0.01532   0.03694        24       640    0.3481    0.7928    0.6365    0.5764  0.002986   0.00189  0.006642
     47/79     10.1G   0.01611  0.006489    0.0156    0.0382        30       640    0.4872    0.5953     0.603    0.5749  0.002571   0.00174    0.0071
     48/79     10.1G   0.01612  0.006411   0.01519   0.03772        43       640    0.5388    0.5663    0.5292    0.3781  0.002657  0.002432  0.008414
     49/79     10.1G   0.01596  0.006178   0.01519   0.03732        25       640    0.6487    0.5779    0.5781    0.5398  0.002713  0.002051  0.007255
     50/79     10.1G    0.0149  0.006181   0.01507   0.03615        37       640    0.3355    0.7233    0.5883    0.5459   0.00282  0.001678  0.006464
     51/79     10.1G   0.01639  0.006471    0.0162   0.03906        26       640    0.3695    0.7668    0.6496    0.5955  0.003027  0.001892  0.006178
     52/79     10.1G   0.01515  0.006062   0.01481   0.03602        31       640    0.4339    0.6859    0.6488    0.6067  0.002856  0.001704  0.006088
     53/79     10.1G   0.01555  0.006209   0.01537   0.03713        30       640    0.4131    0.7862    0.6632    0.6215  0.002719  0.002045    0.0063
     54/79     10.1G    0.0155  0.005974   0.01465   0.03612        20       640     0.415    0.7862    0.6756    0.6334  0.002806   0.00198  0.005917
     55/79     10.1G   0.01517  0.006155   0.01486   0.03618        28       640    0.6623     0.552    0.5526    0.4847   0.00269  0.001745   0.00778
     56/79     10.1G   0.01478  0.006108   0.01537   0.03626        36       640    0.5659    0.6253    0.6011    0.5405  0.002963  0.001638  0.006783
     57/79     10.1G   0.01414  0.006139   0.01519   0.03547        25       640    0.4001    0.7631    0.6471    0.6154  0.002683  0.001844  0.005829
     58/79     10.1G   0.01496  0.005764   0.01455   0.03528        23       640    0.5628    0.6857    0.6581    0.6236  0.002635  0.001664  0.006072
     59/79     10.1G   0.01497  0.006164   0.01522   0.03635        20       640    0.3971    0.8017    0.6547    0.6008  0.002824  0.002007  0.006274
     60/79     10.1G   0.01452  0.006042   0.01516   0.03573        26       640    0.5815    0.6515    0.6826    0.6317   0.00289  0.002089  0.006755
     61/79     10.1G   0.01482  0.006081   0.01526   0.03617        40       640     0.423    0.8021    0.6526    0.5956  0.002866  0.001962  0.007277
     62/79     10.1G   0.01694  0.006228   0.01568   0.03885        36       640    0.5117    0.7475    0.6779    0.6296  0.002663  0.001983  0.005576
     63/79     10.1G   0.01518  0.005939   0.01508    0.0362        29       640    0.4486    0.7323    0.6764    0.6328  0.002616  0.001804  0.006419
     64/79     10.1G   0.01394  0.005932   0.01451   0.03438        33       640     0.409     0.801    0.6763     0.637  0.002626  0.001957  0.005959
     65/79     10.1G    0.0148   0.00573   0.01488   0.03541        27       640    0.4798    0.7427    0.7002     0.653  0.002605  0.002018  0.005487
     66/79     10.1G   0.01387  0.006096   0.01487   0.03484        22       640    0.4025    0.7779    0.6509    0.6027  0.002618   0.00204  0.006899
     67/79     10.1G   0.01305  0.005761   0.01433   0.03314        28       640    0.4847     0.798    0.7143    0.6646  0.002809   0.00202   0.00552
     68/79     10.1G   0.01398  0.005905   0.01482    0.0347        36       640    0.6162    0.6262    0.6794    0.6345  0.002658  0.001976  0.006619
     69/79     10.1G   0.01284  0.005877   0.01431   0.03303        32       640    0.4399    0.7957    0.6923    0.6494  0.002883  0.002023  0.005738
     70/79     10.1G   0.01206  0.005788   0.01389   0.03174        32       640    0.4697    0.7145    0.6666    0.6207  0.002685  0.001991  0.006058
     71/79     10.1G   0.01345  0.006053   0.01469   0.03419        34       640     0.423    0.8498    0.7173    0.6748  0.002585  0.001804  0.005341
     72/79     10.1G   0.01257  0.005904   0.01438   0.03286        21       640    0.6436     0.605    0.6702    0.6342  0.002519  0.001787  0.006939
     73/79     10.1G   0.01229  0.005894   0.01444   0.03262        43       640    0.4496    0.7912     0.722    0.6826   0.00253  0.001969  0.005778
     74/79     10.1G   0.01346  0.005925   0.01505   0.03444        38       640     0.567    0.6706    0.7109    0.6663  0.002751  0.002211  0.006116
     75/79     10.1G   0.01296  0.006088   0.01439   0.03344        32       640     0.464    0.5986    0.5462    0.4494  0.004024  0.002234  0.007008
     76/79     10.1G   0.01514  0.006131   0.01563    0.0369        35       640     0.751    0.6275    0.7336    0.6868  0.002766  0.002082  0.005046
     77/79     10.1G   0.01344  0.005977   0.01416   0.03357        34       640    0.4312    0.8295    0.6804    0.6327  0.002881  0.001842  0.006048
     78/79     10.1G   0.01113  0.005927   0.01416   0.03121        30       640    0.5201    0.7169    0.6847     0.635  0.002965  0.002033   0.00593
     79/79     10.1G   0.01255  0.005794   0.01406   0.03241        32       640    0.5276    0.7379    0.7017    0.6458  0.002902  0.002063  0.005669
