      0/49     11.5G   0.07466   0.01463   0.02571     0.115        34       640  0.003128   0.06534  0.001277 0.0001472    0.1231   0.01282   0.02951
      1/49     11.6G   0.06735   0.01182   0.02492    0.1041        31       640   0.08352   0.05903   0.04122  0.006376    0.1109   0.01136   0.02669
      2/49     10.1G   0.06163   0.01101   0.02323   0.09587        32       640    0.1209   0.03125   0.02604  0.008269    0.1033  0.009999   0.02602
      3/49     10.1G   0.05477   0.01018   0.02209   0.08703        24       640   0.04887   0.05903   0.03204  0.007926    0.0921  0.009845   0.02349
      4/49     10.1G   0.04998   0.01012   0.02101   0.08111        35       640    0.1867    0.4387    0.2228   0.07792   0.08921  0.009208   0.02601
      5/49     10.1G    0.0512     0.009    0.0211   0.08131        14       640    0.4073    0.5981    0.5156    0.2103   0.09115   0.00855   0.02256
      6/49     12.1G   0.04816  0.008952   0.01922   0.07633        30       640    0.3921    0.7349    0.5297    0.2045   0.08777  0.008457   0.02065
      7/49     12.1G   0.04836  0.008685   0.01884   0.07589        33       640    0.4785    0.5405    0.5045    0.2057   0.08944  0.007446   0.02003
      8/49     12.1G   0.05007  0.007992   0.01599   0.07406        30       640    0.6487    0.7951    0.7233    0.2682   0.09121  0.006586   0.01914
      9/49     12.1G    0.0431  0.006975   0.01377   0.06385        39       640    0.4033    0.8884    0.5685    0.2402   0.08873   0.00666   0.02073
     10/49     12.1G   0.04904  0.006654   0.01479   0.07048        21       640    0.5519    0.8552    0.7655    0.3304   0.08742  0.006371   0.01817
     11/49     12.1G   0.05142  0.006658   0.01408   0.07216        33       640    0.6673    0.5342     0.498    0.1513   0.08936  0.007442   0.01896
     12/49     12.1G   0.04098  0.005904   0.01068   0.05756        39       640    0.8465    0.6154    0.8058    0.3459   0.08244  0.006263   0.01495
     13/49     12.1G   0.05403  0.005738   0.01383   0.07359        28       640     0.713    0.9019    0.8178    0.3463   0.07704  0.005537   0.01308
     14/49     12.1G   0.04767  0.006106   0.01401   0.06779        32       640    0.7028    0.9143    0.7818     0.252   0.06544  0.005306   0.01414
     15/49     12.1G    0.0485  0.006118   0.01357   0.06818        42       640    0.7883    0.8841    0.8116    0.4148   0.08654  0.005885   0.01808
     16/49     12.1G   0.04722  0.005977   0.01497   0.06817        26       640    0.3868    0.5744    0.5058    0.2465   0.09308  0.008462    0.0193
     17/49     12.1G   0.05071  0.005811   0.01442   0.07094        29       640    0.4971    0.7465     0.493    0.2168   0.08952   0.03078   0.01436
     18/49     12.1G   0.05494  0.006145   0.01573   0.07681        39       640    0.9611    0.6378    0.7886      0.44   0.06278  0.006998   0.01445
     19/49     12.1G   0.04597  0.005757   0.01366   0.06539        41       640     0.845    0.6422    0.7776    0.3381   0.06274  0.007108   0.01509
     20/49     12.1G   0.05708  0.005614   0.01385   0.07655        19       640     0.686    0.6671    0.7177    0.2784   0.06284  0.007868     0.017
     21/49     12.1G   0.05594  0.005717   0.01282   0.07449        28       640    0.9357     0.125    0.1671   0.06689   0.09352   0.00724   0.02436
     22/49     12.1G   0.04584  0.005108   0.01024   0.06119        31       640    0.3238    0.4181    0.3357    0.1046   0.06406  0.008402   0.01698
     23/49     12.1G   0.04061  0.005264  0.009234    0.0551        45       640    0.8127    0.9771     0.961    0.4249   0.04889  0.006143    0.0128
     24/49     12.1G   0.04758   0.00505   0.01018    0.0628        28       640    0.9071    0.9635    0.9901    0.4577    0.0477   0.00579   0.01246
     25/49     12.1G   0.04875  0.005117   0.01197   0.06583        20       640    0.6275    0.8056    0.6416    0.2419   0.07053   0.01045   0.01371
     26/49     12.1G   0.04646  0.005237   0.01052   0.06221        30       640     0.905    0.8349    0.9277    0.4285   0.04808  0.008415   0.01102
     27/49     12.1G   0.05087  0.004981   0.01225    0.0681        29       640    0.5815    0.8128    0.6887    0.3482    0.0691  0.007492   0.01432
     28/49     12.1G    0.0533  0.005919   0.01212   0.07134        38       640    0.3444    0.3241    0.3113    0.1445   0.07796   0.01141   0.01359
     29/49     12.1G    0.0447  0.005387   0.01077   0.06086        34       640    0.8831    0.7196    0.9061    0.5115   0.06823  0.006735   0.01117
     30/49     12.1G   0.04523   0.00553   0.01192   0.06268        38       640       0.6   0.08329    0.0927   0.05477   0.09629  0.008282    0.0143
     31/49     12.1G   0.04489  0.005516   0.01098   0.06138        25       640    0.8693    0.2639    0.3393    0.1541   0.08267  0.007937    0.0145
     32/49     12.1G    0.0533  0.005206   0.01172   0.07022        30       640    0.7053    0.8084    0.8237    0.4459   0.04699  0.006653   0.01301
     33/49     12.1G   0.03315  0.005339  0.007803   0.04629        32       640     0.905    0.8032    0.8719    0.4567   0.04514  0.006398   0.01234
     34/49     12.1G   0.05022  0.005153  0.009201   0.06458        29       640    0.8758    0.9722    0.9758    0.4713   0.04722   0.00568   0.01068
     35/49     12.1G   0.04027  0.005135  0.009198    0.0546        26       640    0.9148    0.9124    0.9788    0.5929   0.04311  0.005628  0.009325
     36/49     12.1G   0.04458  0.005533  0.009305   0.05942        26       640 0.0003135    0.1111 9.844e-05 3.674e-05    0.1032   0.01077    0.1105
     37/49     12.1G   0.04279  0.005682  0.009863   0.05834        35       640    0.7537    0.9195    0.9866    0.5552   0.06258  0.005642   0.01103
     38/49     12.1G   0.04342  0.005756  0.009907   0.05908        32       640    0.9048    0.9449    0.9923    0.6303    0.0631  0.005796  0.009968
     39/49     12.1G   0.04721  0.005291   0.01102   0.06351        28       640    0.9153    0.6353    0.8851    0.4662   0.05082  0.007627   0.01098
     40/49     12.1G   0.04354  0.005331    0.0103   0.05918        33       640    0.8857    0.5933    0.7935    0.3687   0.04831  0.008038   0.01259
     41/49     12.1G   0.03927  0.005303  0.007952   0.05253        42       640    0.9228    0.9361    0.9687    0.5134   0.04734  0.006203   0.00984
     42/49     12.1G   0.04912   0.00527   0.01077   0.06516        45       640    0.9538    0.9664    0.9923    0.5211    0.0398  0.005695  0.009122
     43/49     12.1G   0.04085   0.00472  0.009616   0.05518        30       640     0.969    0.9399    0.9756      0.58   0.04028  0.005655  0.008539
     44/49     12.1G   0.03246  0.004761  0.007012   0.04424        41       640    0.9537         1    0.9951    0.5793   0.05103  0.005236  0.008162
     45/49     12.1G   0.04301  0.004935  0.008491   0.05644        29       640    0.9597    0.9688    0.9951    0.5614   0.05605  0.005269  0.008177
     46/49     12.1G   0.03972  0.005036   0.00847   0.05322        44       640    0.9654    0.9687    0.9951     0.593   0.05492  0.005128  0.008246
     47/49     12.1G   0.03321  0.004806  0.007675    0.0457        27       640    0.9635         1    0.9951    0.5581   0.05404  0.004798  0.008373
     48/49     12.1G   0.03853  0.004761  0.008292   0.05158        39       640    0.9629         1    0.9951    0.5438   0.05977   0.00482  0.008811
     49/49     12.1G   0.02574  0.004627  0.004314   0.03468        26       640    0.9729         1    0.9951    0.5913   0.06699  0.004636  0.008965
